55000,'Fête-2-01',733,,3175,50,4,,0,110,,3180,50,4,,0,70,,3176,50,4,,0,697,,3179,50,4,,0,101,,3177,50,4,,0,102,,3178,50,4,,0
55000,'Semaine-01',733,,1766,50,4,,0,80,,3182,50,4,,0,30,,1771,50,4,,0,70,,1767,50,4,,0,35,,3181,50,4,,0,100,,3185,50,4,,0,100,,3183,50,4,,0,100,,3184,50,4,,0,362,,1770,50,4,,0,101,,1768,50,4,,0,102,,1769,50,4,,0
55001,'Fête-2-01',735,,3186,10,,,0,110,,3187,10,,,0,768,,3188,10,,,0,101,,3189,10,,,0,101,,3190,10,,,0
55001,'Semaine-01',735,,1777,10,,,0,110,,1778,10,,,0,470,,3196,10,,,0,100,,3191,10,,,0,100,,3192,10,,,0,98,,1779,10,,,0,32,,3195,10,,,0,69,,1780,10,,,0,31,,3193,10,,,0,70,,1781,10,,,0,30,,3194,10,,,0
55100,'Fête-2-01',729,,3197,50,4,,0,121,,3199,50,4,,0,54,,3198,50,4,,0,702,,3200,50,4,,0,100,,3201,50,4,,0,100,,3202,50,4,,0
55100,'Semaine-01',729,,1790,50,4,,0,75,,3204,50,4,,0,46,,1792,50,4,,0,54,,1791,50,4,,0,45,,3203,50,4,,0,100,,3207,50,4,,0,100,,3205,50,4,,0,100,,3206,50,4,,0,357,,1793,50,4,,0,100,,1794,50,4,,0,100,,1795,50,4,,0
55101,'Fête-2-01',732,,3208,10,,,0,174,,3209,10,,,0,704,,3210,10,,,0,100,,3211,10,,,0,100,,3212,10,,,0
55101,'Semaine-01',732,,1801,10,,,0,174,,1802,10,,,0,404,,3217,10,,,0,100,,3213,10,,,0,100,,3214,10,,,0,100,,1803,10,,,0,30,,3218,10,,,0,70,,1804,10,,,0,30,,3215,10,,,0,70,,1805,10,,,0,30,,3216,10,,,0
55500,'Fête-2-01',700,,3303,50,4,,0,25,,3306,50,4,,0,20,,3307,50,4,,0,871,,3304,50,4,,0,100,,3305,50,4,,0
55500,'Semaine-01',700,,1915,50,4,,0,25,,1921,50,4,,0,20,,1922,50,4,,0,65,,3310,50,4,,0,30,,1923,50,4,,0,110,,3308,50,4,,0,100,,3311,50,4,,0,100,,3309,50,4,,0,100,,3312,50,4,,0,100,,3313,50,4,,0,166,,3314,50,4,,0,100,,1919,50,4,,0,100,,1920,50,4,,0
55501,'Fête-2-01',730,,3317,10,,,0,20,,3318,10,,,0,870,,3319,10,,,0,100,,3316,10,,,0,100,,3315,10,,,0
55501,'Semaine-01',730,,1933,10,,,0,20,,1934,10,,,0,570,,3320,10,,,0,100,,3321,10,,,0,100,,3326,10,,,0,30,,3322,10,,,0,70,,1935,10,,,0,35,,3323,10,,,0,65,,1932,10,,,0,80,,3324,10,,,0,20,,1930,10,,,0,30,,3325,10,,,0
