13401,'Fête-1-01',747,,2273,280,4,,0,202,,2274,280,4,,0,197,,2277,280,4,,0,198,,2279,280,4,,0,201,,2276,280,4,,0,199,,2278,280,4,,0,183,,2275,280,4,,0
13401,'Week-end-01',747,,35,280,4,,0,202,,36,280,4,,0,197,,39,280,4,,0,198,,41,280,4,,0,201,,38,280,4,,0,199,,40,280,4,,0,183,,37,280,4,,0
13401,'Fête-2-01',1338,,2287,280,4,,0,274,,2281,280,4,,0,27,,2280,280,4,,0,62,,2289,280,4,,0,20,,2282,280,4,,0,20,,2283,280,4,,0,59,,2286,280,4,,0,19,,2284,280,4,,0,18,,2285,280,4,,0,78,,2288,280,4,,0
13401,'Semaine-01',1338,,66,280,4,,0,274,,60,280,4,,0,27,,59,280,4,,0,62,,68,280,4,,0,20,,61,280,4,,0,20,,62,280,4,,0,59,,65,280,4,,0,19,,63,280,4,,0,18,,64,280,4,,0,78,,67,280,4,,0
13500,'Fête-2-01',1636,,2296,230,4,,0,19,,2295,230,4,,0,60,,2294,230,4,,0,31,,2293,230,4,,0,70,,2291,230,4,,0,38,,2292,230,4,,0,65,,2290,230,4,,0
13500,'Semaine-01',1636,,82,230,4,,0,19,,81,230,4,,0,60,,80,230,4,,0,31,,79,230,4,,0,70,,77,230,4,,0,38,,78,230,4,,0,65,,76,230,4,,0
35000,'Fête-2-01',1610,,2941,10,,,0,100,,2942,10,,,0,20,,2946,10,,,0,20,,2943,10,,,0,60,,2944,10,,,0,40,,2945,10,,,0,80,,2947,10,,,0
35000,'Semaine-01',1610,,1377,10,,,0,100,,1378,10,,,0,20,,1382,10,,,0,20,,1379,10,,,0,60,,1380,10,,,0,40,,1381,10,,,0,80,,1383,10,,,0
45701,'Fête-2-01',1624,,3117,200,4,,0,90,,3115,200,4,,0,90,,3116,200,4,,0
45701,'Semaine-01',1624,,3118,200,4,,0,90,,1582,200,4,,0,90,,1583,200,4,,0
