13400,'Fête-1-01',653,,2256,30,,,0,248,,2262,30,,,0,199,,2257,30,,,0,200,,2259,30,,,0,248,,2258,30,,,0,199,,2261,30,,,0,183,,2260,30,,,0
13400,'Week-end-01',653,,1,30,,,0,248,,7,30,,,0,199,,2,30,,,0,200,,4,30,,,0,248,,3,30,,,0,199,,6,30,,,0,183,,5,30,,,0
13400,'Fête-2-01',527,,2264,30,,,0,79,,2265,30,,,0,20,,2266,30,,,0,20,,2267,30,,,0,60,,2268,30,,,0,19,,2269,30,,,0,20,,2270,30,,,0,63,,2271,30,,,0,30,,2272,30,,,0,195,,2263,30,,,0
13400,'Semaine-01',527,,26,30,,,0,79,,27,30,,,0,20,,28,30,,,0,20,,29,30,,,0,60,,30,30,,,0,19,,31,30,,,0,20,,32,30,,,0,63,,33,30,,,0,30,,34,30,,,0,195,,25,30,,,0
13401,'Fête-1-01',745,,2273,260,,,0,202,,2274,260,,,0,197,,2277,260,,,0,198,,2279,260,,,0,201,,2276,260,,,0,199,,2278,260,,,0,183,,2275,260,,,0
13401,'Week-end-01',745,,35,260,,,0,202,,36,260,,,0,197,,39,260,,,0,198,,41,260,,,0,201,,38,260,,,0,199,,40,260,,,0,183,,37,260,,,0
13401,'Fête-2-01',1336,,2287,260,,,0,274,,2281,260,,,0,27,,2280,260,,,0,22,,2289,260,,,0,60,,2282,260,,,0,20,,2283,260,,,0,19,,2286,260,,,0,59,,2284,260,,,0,18,,2285,260,,,0,78,,2288,260,,,0
13401,'Semaine-01',1336,,66,260,,,0,274,,60,260,,,0,27,,59,260,,,0,22,,68,260,,,0,60,,61,260,,,0,20,,62,260,,,0,19,,65,260,,,0,59,,63,260,,,0,18,,64,260,,,0,78,,67,260,,,0
45700,'Fête-2-01',631,,3112,30,,,0,90,,3111,30,,,0,90,,3113,30,,,0
45700,'Semaine-01',631,,1579,30,,,0,90,,1578,30,,,0,90,,3114,30,,,0
45701,'Fête-2-01',1622,,3117,180,,,0,90,,3115,180,,,0,90,,3116,180,,,0
45701,'Semaine-01',1622,,3118,180,,,0,90,,1582,180,,,0,90,,1583,180,,,0
