14401,'Fête-1-01',837,,2547,40,,,0,200,,2548,40,,,0,200,,2546,40,,,0,187,,2549,40,,,0,201,,2550,40,,,0,199,,2551,40,,,0,200,,2552,40,,,0
14401,'Week-end-01',837,,583,40,,,0,200,,584,40,,,0,200,,582,40,,,0,187,,585,40,,,0,201,,586,40,,,0,199,,587,40,,,0,200,,588,40,,,0
14401,'Fête-2-01',539,,2553,40,,,0,72,,2564,40,,,0,92,,2565,40,,,0,44,,2566,40,,,0,77,,2567,40,,,0,99,,2556,40,,,0,120,,2557,40,,,0,160,,2558,40,,,0,122,,2559,40,,,0,120,,2560,40,,,0,158,,2561,40,,,0,34,,2568,40,,,0,85,,2569,40,,,0,36,,2570,40,,,0,85,,2571,40,,,0,75,,2562,40,,,0,120,,2563,40,,,0,120,,2554,40,,,0,160,,2555,40,,,0
14401,'Semaine-01',539,,615,40,,,0,72,,626,40,,,0,92,,627,40,,,0,44,,628,40,,,0,77,,629,40,,,0,99,,618,40,,,0,120,,619,40,,,0,160,,620,40,,,0,122,,621,40,,,0,120,,622,40,,,0,158,,623,40,,,0,34,,630,40,,,0,85,,631,40,,,0,36,,632,40,,,0,85,,633,40,,,0,75,,624,40,,,0,120,,625,40,,,0,120,,616,40,,,0,160,,617,40,,,0
35200,'Fête-1-01',829,,2969,40,,,0,120,,2970,40,,,0,280,,2971,40,,,0,280,,2972,40,,,0,240,,2973,40,,,0,156,,2974,40,,,0,239,,2975,40,,,0,85,,2976,40,,,0,276,,2977,40,,,0
35200,'Week-end-01',829,,1426,40,,,0,120,,1427,40,,,0,280,,1428,40,,,0,280,,1429,40,,,0,240,,1430,40,,,0,156,,1431,40,,,0,239,,1432,40,,,0,85,,1433,40,,,0,276,,1434,40,,,0
35200,'Fête-2-01',829,,2978,40,,,0,215,,2979,40,,,0,160,,2980,40,,,0,200,,2981,40,,,0,246,,2982,40,,,0,70,,2983,40,,,0,36,,2984,40,,,0,70,,2985,40,,,0,31,,2986,40,,,0,69,,2987,40,,,0,75,,2988,40,,,0,125,,2989,40,,,0,130,,2990,40,,,0,100,,2991,40,,,0,198,,2992,40,,,0
35200,'Semaine-01',829,,1459,40,,,0,215,,1460,40,,,0,160,,1461,40,,,0,200,,1462,40,,,0,246,,1463,40,,,0,70,,1464,40,,,0,36,,1465,40,,,0,70,,1466,40,,,0,31,,1467,40,,,0,69,,1468,40,,,0,75,,1469,40,,,0,125,,1470,40,,,0,130,,1471,40,,,0,100,,1472,40,,,0,198,,1473,40,,,0
45000,'Fête-2-01',604,,3020,10,,,0,20,,3018,10,,,0,20,,3013,10,,,0,60,,3017,10,,,0,20,,3016,10,,,0,20,,3014,10,,,0,60,,3019,10,,,0,20,,3015,10,,,0
45000,'Semaine-01',604,,1518,10,,,0,20,,1516,10,,,0,20,,3021,10,,,0,60,,1515,10,,,0,20,,1514,10,,,0,20,,3022,10,,,0,60,,1517,10,,,0,20,,3023,10,,,0
