13400,'Fête-1-01',654,,2256,40,,,0,248,,2262,40,,,0,199,,2257,40,,,0,200,,2259,40,,,0,248,,2258,40,,,0,199,,2261,40,,,0,183,,2260,40,,,0
13400,'Week-end-01',654,,1,40,,,0,248,,7,40,,,0,199,,2,40,,,0,200,,4,40,,,0,248,,3,40,,,0,199,,6,40,,,0,183,,5,40,,,0
13400,'Fête-2-01',528,,2264,40,,,0,79,,2265,40,,,0,20,,2266,40,,,0,20,,2267,40,,,0,60,,2268,40,,,0,19,,2269,40,,,0,20,,2270,40,,,0,63,,2271,40,,,0,30,,2272,40,,,0,195,,2263,40,,,0
13400,'Semaine-01',528,,26,40,,,0,79,,27,40,,,0,20,,28,40,,,0,20,,29,40,,,0,60,,30,40,,,0,19,,31,40,,,0,20,,32,40,,,0,63,,33,40,,,0,30,,34,40,,,0,195,,25,40,,,0
13401,'Fête-1-01',745,,2273,270,,,0,202,,2274,270,,,0,197,,2277,270,,,0,198,,2279,270,,,0,201,,2276,270,,,0,199,,2278,270,,,0,183,,2275,270,,,0
13401,'Week-end-01',745,,35,270,,,0,202,,36,270,,,0,197,,39,270,,,0,198,,41,270,,,0,201,,38,270,,,0,199,,40,270,,,0,183,,37,270,,,0
13401,'Fête-2-01',1336,,2287,270,,,0,274,,2281,270,,,0,27,,2280,270,,,0,22,,2289,270,,,0,60,,2282,270,,,0,20,,2283,270,,,0,19,,2286,270,,,0,59,,2284,270,,,0,18,,2285,270,,,0,78,,2288,270,,,0
13401,'Semaine-01',1336,,66,270,,,0,274,,60,270,,,0,27,,59,270,,,0,22,,68,270,,,0,60,,61,270,,,0,20,,62,270,,,0,19,,65,270,,,0,59,,63,270,,,0,18,,64,270,,,0,78,,67,270,,,0
45700,'Fête-2-01',632,,3112,40,,,0,90,,3111,40,,,0,90,,3113,40,,,0
45700,'Semaine-01',632,,1579,40,,,0,90,,1578,40,,,0,90,,3114,40,,,0
45701,'Fête-2-01',1622,,3117,190,,,0,90,,3115,190,,,0,90,,3116,190,,,0
45701,'Semaine-01',1622,,3118,190,,,0,90,,1582,190,,,0,90,,1583,190,,,0
