14500,'Fête-2-01',617,,2576,150,4,,0,98,,2577,150,4,,0,100,,2579,150,4,,0,736,,2578,150,4,,0,70,,2572,150,4,,0,30,,2575,150,4,,0,70,,2573,150,4,,0,30,,2574,150,4,,0
14500,'Semaine-01',617,,646,150,4,,0,98,,647,150,4,,0,100,,649,150,4,,0,736,,648,150,4,,0,70,,642,150,4,,0,30,,645,150,4,,0,70,,643,150,4,,0,30,,644,150,4,,0
14501,'Fête-2-01',548,,2584,90,,,0,98,,2585,90,,,0,70,,2580,90,,,0,30,,2586,90,,,0,70,,2581,90,,,0,703,,2587,90,,,0,100,,2582,90,,,0,100,,2583,90,,,0
14501,'Semaine-01',548,,662,90,,,0,98,,663,90,,,0,70,,658,90,,,0,30,,664,90,,,0,70,,659,90,,,0,703,,665,90,,,0,100,,660,90,,,0,100,,661,90,,,0
15700,'Fête-2-01',600,,2924,10,,,0,18,,2924,170,4,,0,2,,2925,10,,,0,18,,2925,170,4,,0,4,,2926,10,,,0,58,,2926,170,4,,0,2,,2927,10,,,0,18,,2927,170,4,,0,2,,2928,10,,,0,18,,2928,170,4,,0,12,,2929,10,,,0,58,,2929,170,4,,0,822,,2930,10,,,0,18,,2930,170,4,,0,2,,2923,10,,,0,58,,2923,170,4,,0,2,,2920,10,,,0,18,,2920,170,4,,0,2,,2919,10,,,0,18,,2919,170,4,,0,4,,2921,10,,,0,58,,2921,170,4,,0,2,,2922,10,,,0,18,,2922,170,4,,0
15700,'Semaine-01',600,,1343,10,,,0,18,,1343,170,4,,0,2,,1344,10,,,0,18,,1344,170,4,,0,4,,1345,10,,,0,58,,1345,170,4,,0,2,,1346,10,,,0,18,,1346,170,4,,0,2,,1347,10,,,0,18,,1347,170,4,,0,12,,1348,10,,,0,58,,1348,170,4,,0,822,,1349,10,,,0,18,,1349,170,4,,0,2,,1342,10,,,0,58,,1342,170,4,,0,2,,1339,10,,,0,18,,1339,170,4,,0,2,,1338,10,,,0,18,,1338,170,4,,0,4,,1340,10,,,0,58,,1340,170,4,,0,2,,1341,10,,,0,18,,1341,170,4,,0
15800,'Fête-2-01',1244,,2931,160,4,,0,296,,2934,160,4,,0,71,,2935,160,4,,0,31,,2933,160,4,,0,71,,2932,160,4,,0
15800,'Semaine-01',1244,,1355,160,4,,0,296,,1358,160,4,,0,71,,1359,160,4,,0,31,,1357,160,4,,0,71,,1356,160,4,,0
15801,'Fête-2-01',630,,2940,10,,,0,80,,2939,10,,,0,30,,2938,10,,,0,80,,2936,10,,,0,392,,2937,10,,,0
15801,'Semaine-01',630,,1369,10,,,0,80,,1368,10,,,0,30,,1367,10,,,0,80,,1365,10,,,0,392,,1366,10,,,0
