45000,'Fête-2-01',626,,3020,150,4,,0,20,,3018,150,4,,0,60,,3013,150,4,,0,20,,3017,150,4,,0,20,,3016,150,4,,0,60,,3014,150,4,,0,20,,3019,150,4,,0,20,,3015,150,4,,0
45000,'Semaine-01',626,,1518,150,4,,0,20,,1516,150,4,,0,60,,3021,150,4,,0,20,,1515,150,4,,0,20,,1514,150,4,,0,60,,3022,150,4,,0,20,,1517,150,4,,0,20,,3023,150,4,,0
45001,'Fête-2-01',1604,,3028,10,,,0,20,,3031,10,,,0,20,,3024,10,,,0,60,,3029,10,,,0,20,,3030,10,,,0,20,,3025,10,,,0,60,,3027,10,,,0,20,,3026,10,,,0
45001,'Semaine-01',1604,,1520,10,,,0,20,,1523,10,,,0,20,,3032,10,,,0,60,,1521,10,,,0,20,,1522,10,,,0,20,,3033,10,,,0,60,,1519,10,,,0,20,,3034,10,,,0
45600,'Fête-2-01',651,,3100,150,4,,0,70,,3101,150,4,,0,30,,3102,150,4,,0,70,,3103,150,4,,0,30,,3099,150,4,,0
45600,'Semaine-01',651,,1568,150,4,,0,70,,1569,150,4,,0,30,,1570,150,4,,0,70,,1571,150,4,,0,30,,3104,150,4,,0
45601,'Fête-2-01',1622,,3106,10,,,0,30,,3107,10,,,0,70,,3108,10,,,0,30,,3109,10,,,0,70,,3105,10,,,0
45601,'Semaine-01',1622,,1572,10,,,0,30,,1573,10,,,0,70,,1574,10,,,0,30,,1575,10,,,0,70,,3110,10,,,0
45700,'Fête-2-01',654,,3112,190,4,,0,90,,3111,190,4,,0,90,,3113,190,4,,0
45700,'Semaine-01',654,,1579,190,4,,0,90,,1578,190,4,,0,90,,3114,190,4,,0
45701,'Fête-2-01',1600,,3117,10,,,0,50,,3115,10,,,0,90,,3116,10,,,0
45701,'Semaine-01',1600,,3118,10,,,0,50,,1582,10,,,0,90,,1583,10,,,0
