45100,'Fête-2-01',556,,3036,210,4,,0,70,,3037,210,4,,0,30,,3040,210,4,,0,70,,3038,210,4,,0,30,,3039,210,4,,0,70,,3041,210,4,,0,30,,3035,210,4,,0
45100,'Semaine-01',556,,1524,210,4,,0,70,,1525,210,4,,0,30,,1528,210,4,,0,70,,1526,210,4,,0,30,,1527,210,4,,0,70,,1529,210,4,,0,30,,3042,210,4,,0
45101,'Fête-2-01',1530,,3045,10,,,0,70,,3046,10,,,0,30,,3047,10,,,0,70,,3048,10,,,0,30,,3043,10,,,0,70,,3044,10,,,0
45101,'Semaine-01',1530,,1532,10,,,0,70,,1533,10,,,0,30,,1534,10,,,0,70,,1535,10,,,0,30,,1530,10,,,0,70,,1531,10,,,0
45200,'Fête-2-01',640,,3050,210,4,,0,70,,3051,210,4,,0,30,,3052,210,4,,0,70,,3053,210,4,,0,30,,3049,210,4,,0
45200,'Semaine-01',640,,1536,210,4,,0,70,,1537,210,4,,0,30,,1538,210,4,,0,70,,1539,210,4,,0,30,,3054,210,4,,0
45201,'Fête-2-01',1545,,3056,10,,,0,70,,3057,10,,,0,30,,3058,10,,,0,70,,3059,10,,,0,30,,3060,10,,,0,70,,3055,10,,,0
45201,'Semaine-01',1545,,3062,10,,,0,70,,1540,10,,,0,30,,1541,10,,,0,70,,1542,10,,,0,30,,1543,10,,,0,70,,3061,10,,,0
45400,'Fête-2-01',630,,3078,100,4,,0,70,,3079,100,4,,0,30,,3076,100,4,,0,70,,3077,100,4,,0,30,,3075,100,4,,0
45400,'Semaine-01',630,,1554,100,4,,0,70,,1555,100,4,,0,30,,1552,100,4,,0,70,,1553,100,4,,0,30,,3080,100,4,,0
45401,'Fête-2-01',1620,,3085,10,,,0,30,,3082,10,,,0,70,,3081,10,,,0,30,,3084,10,,,0,70,,3083,10,,,0
45401,'Semaine-01',1620,,1559,10,,,0,30,,1556,10,,,0,70,,3086,10,,,0,30,,1558,10,,,0,70,,1557,10,,,0
