14100,'Fête-1-01',600,,2372,10,,,0,204,,2374,100,,,0,40,,2375,100,,,0,79,,2376,100,,,0,80,,2377,100,,,0,40,,2378,100,,,0,80,,2379,100,,,0,80,,2380,100,,,0,39,,2381,100,,,0,80,,2371,100,,,0,79,,2382,100,,,0,38,,2383,100,,,0,78,,2384,100,,,0,38,,2385,100,,,0,78,,2386,100,,,0,81,,2387,100,,,0,39,,2388,100,,,0,79,,2389,100,,,0,94,,2390,100,,,0,15,,2391,100,,,0,88,,2392,100,,,0,12,,2393,100,,,0,85,,2394,100,,,0,15,,2396,100,,,0,85,,2395,100,,,0,15,,2399,100,,,0,85,,2397,100,,,0,100,,2398,100,,,0,100,,2400,100,,,0
14100,'Week-end-01',600,,229,10,,,0,204,,231,100,,,0,40,,232,100,,,0,79,,233,100,,,0,80,,234,100,,,0,40,,235,100,,,0,80,,236,100,,,0,80,,237,100,,,0,39,,238,100,,,0,80,,228,100,,,0,79,,239,100,,,0,38,,240,100,,,0,78,,241,100,,,0,38,,242,100,,,0,78,,243,100,,,0,81,,244,100,,,0,39,,245,100,,,0,79,,246,100,,,0,94,,247,100,,,0,15,,248,100,,,0,88,,249,100,,,0,12,,250,100,,,0,85,,251,100,,,0,15,,253,100,,,0,85,,252,100,,,0,15,,256,100,,,0,85,,254,100,,,0,100,,255,100,,,0,100,,257,100,,,0
14100,'Fête-2-01',512,,2448,100,,,0,28,,2401,100,,,0,17,,2402,100,,,0,50,,2403,100,,,0,21,,2404,100,,,0,14,,2405,100,,,0,15,,2406,100,,,0,55,,2407,100,,,0,14,,2408,100,,,0,17,,2409,100,,,0,15,,2410,100,,,0,53,,2411,100,,,0,16,,2412,100,,,0,14,,2413,100,,,0,16,,2414,100,,,0,86,,2415,100,,,0,80,,2416,100,,,0,80,,2417,100,,,0,40,,2418,100,,,0,87,,2419,100,,,0,80,,2420,100,,,0,40,,2421,100,,,0,80,,2422,100,,,0,80,,2423,100,,,0,44,,2424,100,,,0,55,,2425,100,,,0,15,,2426,100,,,0,16,,2427,100,,,0,17,,2428,100,,,0,50,,2429,100,,,0,20,,2430,100,,,0,19,,2431,100,,,0,61,,2432,100,,,0,5,,2433,100,,,0,21,,2434,100,,,0,14,,2435,100,,,0,70,,2436,100,,,0,29,,2437,100,,,0,60,,2440,100,,,0,25,,2441,100,,,0,70,,2442,100,,,0,30,,2443,100,,,0,70,,2444,100,,,0,30,,2445,100,,,0,70,,2446,100,,,0,100,,2447,100,,,0,58,,2438,100,,,0,100,,2439,100,,,0
14100,'Semaine-01',512,,383,100,,,0,28,,336,100,,,0,17,,337,100,,,0,50,,338,100,,,0,21,,339,100,,,0,14,,340,100,,,0,15,,341,100,,,0,55,,342,100,,,0,14,,343,100,,,0,17,,344,100,,,0,15,,345,100,,,0,53,,346,100,,,0,16,,347,100,,,0,14,,348,100,,,0,16,,349,100,,,0,86,,350,100,,,0,80,,351,100,,,0,80,,352,100,,,0,40,,353,100,,,0,87,,354,100,,,0,80,,355,100,,,0,40,,356,100,,,0,80,,357,100,,,0,80,,358,100,,,0,44,,359,100,,,0,55,,360,100,,,0,15,,361,100,,,0,16,,362,100,,,0,17,,363,100,,,0,50,,364,100,,,0,20,,365,100,,,0,19,,366,100,,,0,61,,367,100,,,0,5,,368,100,,,0,21,,369,100,,,0,14,,370,100,,,0,70,,371,100,,,0,29,,372,100,,,0,60,,375,100,,,0,25,,376,100,,,0,70,,377,100,,,0,30,,378,100,,,0,70,,379,100,,,0,30,,380,100,,,0,70,,381,100,,,0,100,,382,100,,,0,58,,373,100,,,0,100,,374,100,,,0
14401,'Fête-1-01',838,,2547,50,,,0,200,,2548,50,,,0,200,,2546,50,,,0,187,,2549,50,,,0,201,,2550,50,,,0,199,,2551,50,,,0,200,,2552,50,,,0
14401,'Week-end-01',838,,583,50,,,0,200,,584,50,,,0,200,,582,50,,,0,187,,585,50,,,0,201,,586,50,,,0,199,,587,50,,,0,200,,588,50,,,0
14401,'Fête-2-01',540,,2553,50,,,0,72,,2564,50,,,0,92,,2565,50,,,0,44,,2566,50,,,0,77,,2567,50,,,0,99,,2556,50,,,0,120,,2557,50,,,0,160,,2558,50,,,0,122,,2559,50,,,0,120,,2560,50,,,0,158,,2561,50,,,0,34,,2568,50,,,0,85,,2569,50,,,0,36,,2570,50,,,0,85,,2571,50,,,0,75,,2562,50,,,0,120,,2563,50,,,0,120,,2554,50,,,0,160,,2555,50,,,0
14401,'Semaine-01',540,,615,50,,,0,72,,626,50,,,0,92,,627,50,,,0,44,,628,50,,,0,77,,629,50,,,0,99,,618,50,,,0,120,,619,50,,,0,160,,620,50,,,0,122,,621,50,,,0,120,,622,50,,,0,158,,623,50,,,0,34,,630,50,,,0,85,,631,50,,,0,36,,632,50,,,0,85,,633,50,,,0,75,,624,50,,,0,120,,625,50,,,0,120,,616,50,,,0,160,,617,50,,,0
35200,'Fête-1-01',829,,2969,50,,,0,120,,2970,50,,,0,280,,2971,50,,,0,280,,2972,50,,,0,240,,2973,50,,,0,156,,2974,50,,,0,239,,2975,50,,,0,85,,2976,50,,,0,276,,2977,50,,,0
35200,'Week-end-01',829,,1426,50,,,0,120,,1427,50,,,0,280,,1428,50,,,0,280,,1429,50,,,0,240,,1430,50,,,0,156,,1431,50,,,0,239,,1432,50,,,0,85,,1433,50,,,0,276,,1434,50,,,0
35200,'Fête-2-01',829,,2978,50,,,0,215,,2979,50,,,0,160,,2980,50,,,0,200,,2981,50,,,0,246,,2982,50,,,0,70,,2983,50,,,0,36,,2984,50,,,0,70,,2985,50,,,0,31,,2986,50,,,0,69,,2987,50,,,0,75,,2988,50,,,0,125,,2989,50,,,0,130,,2990,50,,,0,100,,2991,50,,,0,198,,2992,50,,,0
35200,'Semaine-01',829,,1459,50,,,0,215,,1460,50,,,0,160,,1461,50,,,0,200,,1462,50,,,0,246,,1463,50,,,0,70,,1464,50,,,0,36,,1465,50,,,0,70,,1466,50,,,0,31,,1467,50,,,0,69,,1468,50,,,0,75,,1469,50,,,0,125,,1470,50,,,0,130,,1471,50,,,0,100,,1472,50,,,0,198,,1473,50,,,0
45000,'Fête-2-01',604,,3020,20,,,0,20,,3018,20,,,0,20,,3013,20,,,0,60,,3017,20,,,0,20,,3016,20,,,0,20,,3014,20,,,0,60,,3019,20,,,0,20,,3015,20,,,0
45000,'Semaine-01',604,,1518,20,,,0,20,,1516,20,,,0,20,,3021,20,,,0,60,,1515,20,,,0,20,,1514,20,,,0,20,,3022,20,,,0,60,,1517,20,,,0,20,,3023,20,,,0
