13400,'Fête-1-01',652,,2256,10,,,0,248,,2262,10,,,0,159,,2257,10,,,0,200,,2259,10,,,0,288,,2258,10,,,0,199,,2261,10,,,0,183,,2260,10,,,0
13400,'Week-end-01',652,,1,10,,,0,248,,7,10,,,0,159,,2,10,,,0,200,,4,10,,,0,288,,3,10,,,0,199,,6,10,,,0,183,,5,10,,,0
13400,'Fête-2-01',526,,2264,10,,,0,79,,2265,10,,,0,20,,2266,10,,,0,20,,2267,10,,,0,60,,2268,10,,,0,19,,2269,10,,,0,20,,2270,10,,,0,63,,2271,10,,,0,30,,2272,10,,,0,195,,2263,10,,,0
13400,'Semaine-01',526,,26,10,,,0,79,,27,10,,,0,20,,28,10,,,0,20,,29,10,,,0,60,,30,10,,,0,19,,31,10,,,0,20,,32,10,,,0,63,,33,10,,,0,30,,34,10,,,0,195,,25,10,,,0
13501,'Fête-2-01',535,,2300,40,,,0,79,,2301,40,,,0,20,,2302,40,,,0,71,,2303,40,,,0,32,,2299,40,,,0,65,,2298,40,,,0,25,,2297,40,,,0
13501,'Semaine-01',535,,93,40,,,0,79,,94,40,,,0,20,,95,40,,,0,71,,96,40,,,0,32,,92,40,,,0,65,,91,40,,,0,25,,90,40,,,0
35001,'Fête-2-01',530,,2948,90,4,,0,72,,2949,90,4,,0,20,,2950,90,4,,0,80,,2951,90,4,,0,20,,2952,90,4,,0,20,,2953,90,4,,0,60,,2954,90,4,,0,30,,2955,90,4,,0
35001,'Semaine-01',530,,1392,90,4,,0,72,,1393,90,4,,0,20,,1394,90,4,,0,80,,1395,90,4,,0,20,,1396,90,4,,0,20,,1397,90,4,,0,60,,1398,90,4,,0,30,,1399,90,4,,0
45700,'Fête-2-01',630,,3112,10,,,0,90,,3111,10,,,0,90,,3113,10,,,0
45700,'Semaine-01',630,,1579,10,,,0,90,,1578,10,,,0,90,,3114,10,,,0
