13500,'Fête-2-01',1619,,2296,10,,,0,19,,2295,10,,,0,21,,2294,10,,,0,71,,2293,10,,,0,70,,2291,10,,,0,38,,2292,10,,,0,65,,2290,10,,,0
13500,'Semaine-01',1619,,82,10,,,0,19,,81,10,,,0,21,,80,10,,,0,71,,79,10,,,0,70,,77,10,,,0,38,,78,10,,,0,65,,76,10,,,0
13501,'Fête-2-01',549,,2300,260,4,,0,81,,2301,260,4,,0,20,,2302,260,4,,0,71,,2303,260,4,,0,32,,2299,260,4,,0,65,,2298,260,4,,0,25,,2297,260,4,,0
13501,'Semaine-01',549,,93,260,4,,0,81,,94,260,4,,0,20,,95,260,4,,0,71,,96,260,4,,0,32,,92,260,4,,0,65,,91,260,4,,0,25,,90,260,4,,0
14600,'Fête-2-01',512,,2619,10,,,0,40,,2590,10,,,0,58,,2592,10,,,0,24,,2593,10,,,0,20,,2594,10,,,0,56,,2591,10,,,0,20,,2595,10,,,0,70,,2596,10,,,0,22,,2588,10,,,0,31,,2589,10,,,0,57,,2605,10,,,0,102,,2606,10,,,0,100,,2607,10,,,0,100,,2608,10,,,0,100,,2609,10,,,0,100,,2610,10,,,0,98,,2611,10,,,0,46,,2618,10,,,0,66,,2597,10,,,0,24,,2598,10,,,0,56,,2599,10,,,0,17,,2604,10,,,0,14,,2600,10,,,0,70,,2601,10,,,0,38,,2602,10,,,0,65,,2603,10,,,0,24,,2612,10,,,0,102,,2613,10,,,0,100,,2614,10,,,0,110,,2615,10,,,0,100,,2616,10,,,0,98,,2617,10,,,0
14600,'Semaine-01',512,,729,10,,,0,40,,700,10,,,0,58,,702,10,,,0,24,,703,10,,,0,20,,704,10,,,0,56,,701,10,,,0,20,,705,10,,,0,70,,706,10,,,0,22,,698,10,,,0,31,,699,10,,,0,57,,715,10,,,0,102,,716,10,,,0,100,,717,10,,,0,100,,718,10,,,0,100,,719,10,,,0,100,,720,10,,,0,98,,721,10,,,0,46,,728,10,,,0,66,,707,10,,,0,24,,708,10,,,0,56,,709,10,,,0,17,,714,10,,,0,14,,710,10,,,0,70,,711,10,,,0,38,,712,10,,,0,65,,713,10,,,0,24,,722,10,,,0,102,,723,10,,,0,100,,724,10,,,0,110,,725,10,,,0,100,,726,10,,,0,98,,727,10,,,0
14601,'Fête-2-01',549,,2620,250,4,,0,82,,2621,250,4,,0,20,,2622,250,4,,0,71,,2623,250,4,,0,31,,2624,250,4,,0,66,,2625,250,4,,0,25,,2626,300,4,,0,59,,2637,300,4,,0,50,,2638,250,4,,0,147,,2639,300,4,,0,100,,2640,300,4,,0,100,,2641,300,4,,0,100,,2642,300,4,,0,100,,2643,300,4,,0,53,,2627,250,4,,0,66,,2628,250,4,,0,20,,2629,250,4,,0,20,,2634,250,4,,0,64,,2630,250,4,,0,25,,2635,300,4,,0,55,,2631,250,4,,0,34,,2636,300,4,,0,10,,2632,250,4,,0,78,,2633,250,4,,0,75,,2644,300,4,,0,22,,2645,300,4,,0,107,,2646,300,4,,0,95,,2647,250,4,,0,100,,2648,250,4,,0,100,,2649,250,4,,0,98,,2650,250,4,,0
14601,'Semaine-01',549,,761,250,4,,0,82,,762,250,4,,0,20,,763,250,4,,0,71,,764,250,4,,0,31,,765,250,4,,0,66,,766,250,4,,0,25,,767,300,4,,0,59,,778,300,4,,0,50,,779,250,4,,0,147,,780,300,4,,0,100,,781,300,4,,0,100,,782,300,4,,0,100,,783,300,4,,0,100,,784,300,4,,0,53,,768,250,4,,0,66,,769,250,4,,0,20,,770,250,4,,0,20,,775,250,4,,0,64,,771,250,4,,0,25,,776,300,4,,0,55,,772,250,4,,0,34,,777,300,4,,0,10,,773,250,4,,0,78,,774,250,4,,0,75,,785,300,4,,0,22,,786,300,4,,0,107,,787,300,4,,0,95,,788,250,4,,0,100,,789,250,4,,0,100,,790,250,4,,0,98,,791,250,4,,0
14700,'Fête-2-01',510,,2680,10,,,0,45,,2651,10,,,0,65,,2652,10,,,0,23,,2653,10,,,0,60,,2678,10,,,0,21,,2654,10,,,0,21,,2655,10,,,0,63,,2656,10,,,0,49,,2657,10,,,0,78,,2666,10,,,0,100,,2667,10,,,0,100,,2668,10,,,0,100,,2669,10,,,0,102,,2670,10,,,0,100,,2671,10,,,0,113,,2679,10,,,0,72,,2658,10,,,0,19,,2659,10,,,0,61,,2660,10,,,0,33,,2661,10,,,0,14,,2665,10,,,0,54,,2662,10,,,0,38,,2663,10,,,0,65,,2664,10,,,0,97,,2672,10,,,0,102,,2673,10,,,0,101,,2674,10,,,0,105,,2675,10,,,0,94,,2676,10,,,0,138,,2677,10,,,0
14700,'Semaine-01',510,,851,10,,,0,45,,822,10,,,0,65,,823,10,,,0,23,,824,10,,,0,60,,849,10,,,0,21,,825,10,,,0,21,,826,10,,,0,63,,827,10,,,0,49,,828,10,,,0,78,,837,10,,,0,100,,838,10,,,0,100,,839,10,,,0,100,,840,10,,,0,102,,841,10,,,0,100,,842,10,,,0,113,,850,10,,,0,72,,829,10,,,0,19,,830,10,,,0,61,,831,10,,,0,33,,832,10,,,0,14,,836,10,,,0,54,,833,10,,,0,38,,834,10,,,0,65,,835,10,,,0,97,,843,10,,,0,102,,844,10,,,0,101,,845,10,,,0,105,,846,10,,,0,94,,847,10,,,0,138,,848,10,,,0
14701,'Fête-2-01',549,,2682,150,4,,0,82,,2683,150,4,,0,20,,2684,150,4,,0,71,,2685,150,4,,0,21,,2681,200,4,,0,10,,2686,150,4,,0,66,,2687,150,4,,0,25,,2688,150,4,,0,89,,2699,200,4,,0,100,,2700,200,4,,0,100,,2701,200,4,,0,100,,2702,200,4,,0,102,,2703,200,4,,0,100,,2704,200,4,,0,100,,2705,200,4,,0,68,,2689,150,4,,0,27,,2690,150,4,,0,25,,2691,150,4,,0,62,,2696,200,4,,0,16,,2692,150,4,,0,25,,2697,150,4,,0,51,,2693,150,4,,0,26,,2698,200,4,,0,69,,2694,150,4,,0,33,,2695,150,4,,0,75,,2706,200,4,,0,44,,2707,200,4,,0,100,,2708,200,4,,0,95,,2709,150,4,,0,100,,2710,150,4,,0,266,,2711,150,4,,0
14701,'Semaine-01',549,,884,150,4,,0,82,,885,150,4,,0,20,,886,150,4,,0,71,,887,150,4,,0,21,,883,200,4,,0,10,,888,150,4,,0,66,,889,150,4,,0,25,,890,150,4,,0,89,,901,200,4,,0,100,,902,200,4,,0,100,,903,200,4,,0,100,,904,200,4,,0,102,,905,200,4,,0,100,,906,200,4,,0,100,,907,200,4,,0,68,,891,150,4,,0,27,,892,150,4,,0,25,,893,150,4,,0,62,,898,200,4,,0,16,,894,150,4,,0,25,,899,150,4,,0,51,,895,150,4,,0,26,,900,200,4,,0,69,,896,150,4,,0,33,,897,150,4,,0,75,,908,200,4,,0,44,,909,200,4,,0,100,,910,200,4,,0,95,,911,150,4,,0,100,,912,150,4,,0,266,,913,150,4,,0
