13401,'Fête-1-01',728,,2273,30,,,0,202,,2274,30,,,0,197,,2277,30,,,0,198,,2279,30,,,0,201,,2276,30,,,0,199,,2278,30,,,0,183,,2275,30,,,0
13401,'Week-end-01',728,,35,30,,,0,202,,36,30,,,0,197,,39,30,,,0,198,,41,30,,,0,201,,38,30,,,0,199,,40,30,,,0,183,,37,30,,,0
13401,'Fête-2-01',1318,,2287,30,,,0,233,,2281,30,,,0,65,,2280,30,,,0,22,,2289,30,,,0,20,,2282,30,,,0,60,,2283,30,,,0,20,,2286,30,,,0,20,,2284,30,,,0,58,,2285,30,,,0,38,,2288,30,,,0
13401,'Semaine-01',1318,,66,30,,,0,233,,60,30,,,0,65,,59,30,,,0,22,,68,30,,,0,20,,61,30,,,0,60,,62,30,,,0,20,,65,30,,,0,20,,63,30,,,0,58,,64,30,,,0,38,,67,30,,,0
14301,'Fête-2-01',918,,2519,30,,,0,100,,2508,30,,,0,100,,2509,30,,,0,100,,2510,30,,,0,100,,2511,30,,,0,100,,2512,30,,,0,40,,2513,30,,,0,83,,2520,30,,,0,67,,2497,30,,,0,20,,2498,30,,,0,20,,2499,30,,,0,60,,2500,30,,,0,20,,2501,30,,,0,20,,2502,30,,,0,60,,2503,30,,,0,24,,2504,30,,,0,78,,2505,30,,,0,30,,2517,30,,,0,75,,2518,30,,,0,94,,2514,30,,,0,100,,2506,30,,,0,100,,2515,30,,,0,100,,2507,30,,,0,196,,2516,30,,,0
14301,'Semaine-01',918,,530,30,,,0,100,,519,30,,,0,100,,520,30,,,0,100,,521,30,,,0,100,,522,30,,,0,100,,523,30,,,0,40,,524,30,,,0,83,,531,30,,,0,67,,508,30,,,0,20,,509,30,,,0,20,,510,30,,,0,60,,511,30,,,0,20,,512,30,,,0,20,,513,30,,,0,60,,514,30,,,0,24,,515,30,,,0,78,,516,30,,,0,30,,528,30,,,0,75,,529,30,,,0,94,,525,30,,,0,100,,517,30,,,0,100,,526,30,,,0,100,,518,30,,,0,196,,527,30,,,0
14601,'Fête-2-01',534,,2620,30,,,0,82,,2621,30,,,0,17,,2622,30,,,0,71,,2623,30,,,0,34,,2624,30,,,0,66,,2625,30,,,0,20,,2626,30,,,0,19,,2637,30,,,0,95,,2638,30,,,0,102,,2639,30,,,0,100,,2640,30,,,0,100,,2641,30,,,0,100,,2642,30,,,0,100,,2643,30,,,0,98,,2627,30,,,0,66,,2628,30,,,0,20,,2629,30,,,0,20,,2634,30,,,0,64,,2630,30,,,0,20,,2635,30,,,0,20,,2631,30,,,0,69,,2636,30,,,0,15,,2632,30,,,0,78,,2633,30,,,0,30,,2644,30,,,0,62,,2645,30,,,0,107,,2646,30,,,0,100,,2647,30,,,0,100,,2648,30,,,0,100,,2649,30,,,0,98,,2650,30,,,0
14601,'Semaine-01',534,,761,30,,,0,82,,762,30,,,0,17,,763,30,,,0,71,,764,30,,,0,34,,765,30,,,0,66,,766,30,,,0,20,,767,30,,,0,19,,778,30,,,0,95,,779,30,,,0,102,,780,30,,,0,100,,781,30,,,0,100,,782,30,,,0,100,,783,30,,,0,100,,784,30,,,0,98,,768,30,,,0,66,,769,30,,,0,20,,770,30,,,0,20,,775,30,,,0,64,,771,30,,,0,20,,776,30,,,0,20,,772,30,,,0,69,,777,30,,,0,15,,773,30,,,0,78,,774,30,,,0,30,,785,30,,,0,62,,786,30,,,0,107,,787,30,,,0,100,,788,30,,,0,100,,789,30,,,0,100,,790,30,,,0,98,,791,30,,,0
45500,'Fête-2-01',617,,3088,10,,,0,30,,3089,10,,,0,70,,3090,10,,,0,30,,3091,10,,,0,70,,3087,10,,,0
45500,'Semaine-01',617,,1560,10,,,0,30,,1561,10,,,0,70,,1562,10,,,0,30,,1563,10,,,0,70,,3092,10,,,0
