14100,'Fête-1-01',759,,2374,30,,,0,80,,2375,30,,,0,79,,2376,30,,,0,40,,2377,30,,,0,80,,2378,30,,,0,80,,2379,30,,,0,40,,2380,30,,,0,79,,2381,30,,,0,80,,2371,30,,,0,39,,2382,30,,,0,78,,2383,30,,,0,78,,2384,30,,,0,38,,2385,30,,,0,78,,2386,30,,,0,81,,2387,30,,,0,39,,2388,30,,,0,79,,2389,30,,,0,94,,2390,30,,,0,15,,2391,30,,,0,88,,2392,30,,,0,12,,2393,30,,,0,85,,2394,30,,,0,15,,2396,30,,,0,85,,2395,30,,,0,15,,2399,30,,,0,85,,2397,30,,,0,100,,2398,30,,,0,100,,2400,30,,,0
14100,'Week-end-01',759,,231,30,,,0,80,,232,30,,,0,79,,233,30,,,0,40,,234,30,,,0,80,,235,30,,,0,80,,236,30,,,0,40,,237,30,,,0,79,,238,30,,,0,80,,228,30,,,0,39,,239,30,,,0,78,,240,30,,,0,78,,241,30,,,0,38,,242,30,,,0,78,,243,30,,,0,81,,244,30,,,0,39,,245,30,,,0,79,,246,30,,,0,94,,247,30,,,0,15,,248,30,,,0,88,,249,30,,,0,12,,250,30,,,0,85,,251,30,,,0,15,,253,30,,,0,85,,252,30,,,0,15,,256,30,,,0,85,,254,30,,,0,100,,255,30,,,0,100,,257,30,,,0
14100,'Fête-2-01',508,,2448,30,,,0,28,,2401,30,,,0,17,,2402,30,,,0,48,,2403,30,,,0,21,,2404,30,,,0,14,,2405,30,,,0,15,,2406,30,,,0,55,,2407,30,,,0,14,,2408,30,,,0,17,,2409,30,,,0,15,,2410,30,,,0,53,,2411,30,,,0,16,,2412,30,,,0,14,,2413,30,,,0,16,,2414,30,,,0,87,,2415,30,,,0,80,,2416,30,,,0,40,,2417,30,,,0,80,,2418,30,,,0,87,,2419,30,,,0,80,,2420,30,,,0,40,,2421,30,,,0,80,,2422,30,,,0,80,,2423,30,,,0,44,,2424,30,,,0,55,,2425,30,,,0,15,,2426,30,,,0,15,,2427,30,,,0,17,,2428,30,,,0,50,,2429,30,,,0,20,,2430,30,,,0,20,,2431,30,,,0,61,,2432,30,,,0,5,,2433,30,,,0,21,,2434,30,,,0,14,,2435,30,,,0,70,,2436,30,,,0,30,,2437,30,,,0,60,,2440,30,,,0,25,,2441,30,,,0,30,,2442,30,,,0,70,,2443,30,,,0,30,,2444,30,,,0,70,,2445,30,,,0,30,,2446,30,,,0,100,,2447,30,,,0,98,,2438,30,,,0,100,,2439,30,,,0
14100,'Semaine-01',508,,383,30,,,0,28,,336,30,,,0,17,,337,30,,,0,48,,338,30,,,0,21,,339,30,,,0,14,,340,30,,,0,15,,341,30,,,0,55,,342,30,,,0,14,,343,30,,,0,17,,344,30,,,0,15,,345,30,,,0,53,,346,30,,,0,16,,347,30,,,0,14,,348,30,,,0,16,,349,30,,,0,87,,350,30,,,0,80,,351,30,,,0,40,,352,30,,,0,80,,353,30,,,0,87,,354,30,,,0,80,,355,30,,,0,40,,356,30,,,0,80,,357,30,,,0,80,,358,30,,,0,44,,359,30,,,0,55,,360,30,,,0,15,,361,30,,,0,15,,362,30,,,0,17,,363,30,,,0,50,,364,30,,,0,20,,365,30,,,0,20,,366,30,,,0,61,,367,30,,,0,5,,368,30,,,0,21,,369,30,,,0,14,,370,30,,,0,70,,371,30,,,0,30,,372,30,,,0,60,,375,30,,,0,25,,376,30,,,0,30,,377,30,,,0,70,,378,30,,,0,30,,379,30,,,0,70,,380,30,,,0,30,,381,30,,,0,100,,382,30,,,0,98,,373,30,,,0,100,,374,30,,,0
14401,'Fête-1-01',837,,2547,30,,,0,200,,2548,30,,,0,200,,2546,30,,,0,187,,2549,30,,,0,201,,2550,30,,,0,199,,2551,30,,,0,200,,2552,30,,,0
14401,'Week-end-01',837,,583,30,,,0,200,,584,30,,,0,200,,582,30,,,0,187,,585,30,,,0,201,,586,30,,,0,199,,587,30,,,0,200,,588,30,,,0
14401,'Fête-2-01',539,,2553,30,,,0,72,,2564,30,,,0,92,,2565,30,,,0,44,,2566,30,,,0,77,,2567,30,,,0,99,,2556,30,,,0,120,,2557,30,,,0,160,,2558,30,,,0,122,,2559,30,,,0,120,,2560,30,,,0,158,,2561,30,,,0,34,,2568,30,,,0,85,,2569,30,,,0,36,,2570,30,,,0,85,,2571,30,,,0,75,,2562,30,,,0,120,,2563,30,,,0,120,,2554,30,,,0,160,,2555,30,,,0
14401,'Semaine-01',539,,615,30,,,0,72,,626,30,,,0,92,,627,30,,,0,44,,628,30,,,0,77,,629,30,,,0,99,,618,30,,,0,120,,619,30,,,0,160,,620,30,,,0,122,,621,30,,,0,120,,622,30,,,0,158,,623,30,,,0,34,,630,30,,,0,85,,631,30,,,0,36,,632,30,,,0,85,,633,30,,,0,75,,624,30,,,0,120,,625,30,,,0,120,,616,30,,,0,160,,617,30,,,0
35200,'Fête-1-01',829,,2969,30,,,0,120,,2970,30,,,0,280,,2971,30,,,0,280,,2972,30,,,0,240,,2973,30,,,0,156,,2974,30,,,0,239,,2975,30,,,0,85,,2976,30,,,0,276,,2977,30,,,0
35200,'Week-end-01',829,,1426,30,,,0,120,,1427,30,,,0,280,,1428,30,,,0,280,,1429,30,,,0,240,,1430,30,,,0,156,,1431,30,,,0,239,,1432,30,,,0,85,,1433,30,,,0,276,,1434,30,,,0
35200,'Fête-2-01',829,,2978,30,,,0,215,,2979,30,,,0,160,,2980,30,,,0,200,,2981,30,,,0,246,,2982,30,,,0,70,,2983,30,,,0,36,,2984,30,,,0,70,,2985,30,,,0,31,,2986,30,,,0,69,,2987,30,,,0,75,,2988,30,,,0,125,,2989,30,,,0,130,,2990,30,,,0,100,,2991,30,,,0,198,,2992,30,,,0
35200,'Semaine-01',829,,1459,30,,,0,215,,1460,30,,,0,160,,1461,30,,,0,200,,1462,30,,,0,246,,1463,30,,,0,70,,1464,30,,,0,36,,1465,30,,,0,70,,1466,30,,,0,31,,1467,30,,,0,69,,1468,30,,,0,75,,1469,30,,,0,125,,1470,30,,,0,130,,1471,30,,,0,100,,1472,30,,,0,198,,1473,30,,,0
