14001,'Fête-1-01',702,,2304,400,,,0,40,,2305,400,,,0,80,,2306,400,,,0,80,,2307,400,,,0,40,,2308,400,,,0,80,,2309,400,,,0,80,,2310,400,,,0,40,,2311,400,,,0,80,,2312,400,,,0,80,,2313,400,,,0,37,,2314,400,,,0,77,,2315,400,,,0,37,,2316,400,,,0,77,,2317,400,,,0,79,,2318,400,,,0,39,,2319,400,,,0,81,,2320,400,,,0,79,,2321,400,,,0,40,,2322,400,,,0
14001,'Week-end-01',702,,97,400,,,0,40,,98,400,,,0,80,,99,400,,,0,80,,100,400,,,0,40,,101,400,,,0,80,,102,400,,,0,80,,103,400,,,0,40,,104,400,,,0,80,,105,400,,,0,80,,106,400,,,0,37,,107,400,,,0,77,,108,400,,,0,37,,109,400,,,0,77,,110,400,,,0,79,,111,400,,,0,39,,112,400,,,0,81,,113,400,,,0,79,,114,400,,,0,40,,115,400,,,0
14001,'Fête-2-01',529,,2369,400,,,0,81,,2323,400,,,0,16,,2324,400,,,0,15,,2325,400,,,0,15,,2326,400,,,0,55,,2327,400,,,0,15,,2328,400,,,0,16,,2329,400,,,0,14,,2330,400,,,0,56,,2331,400,,,0,15,,2332,400,,,0,15,,2333,400,,,0,13,,2334,400,,,0,52,,2368,240,,,0,5,,2335,400,,,0,31,,2336,400,,,0,79,,2337,400,,,0,80,,2338,400,,,0,39,,2339,400,,,0,81,,2340,400,,,0,86,,2341,400,,,0,40,,2342,400,,,0,80,,2343,400,,,0,80,,2344,400,,,0,44,,2345,400,,,0,64,,2346,400,,,0,15,,2347,400,,,0,15,,2348,400,,,0,55,,2349,400,,,0,17,,2350,400,,,0,20,,2351,400,,,0,20,,2352,400,,,0,54,,2353,400,,,0,12,,2354,400,,,0,18,,2355,400,,,0,14,,2356,400,,,0,51,,2357,400,,,0,17,,2358,400,,,0,24,,2359,400,,,0,77,,2360,400,,,0,24,,2361,400,,,0,70,,2362,400,,,0,30,,2363,400,,,0,70,,2364,400,,,0,100,,2365,400,,,0,100,,2366,400,,,0,98,,2367,400,,,0
14001,'Semaine-01',529,,227,400,,,0,81,,181,400,,,0,16,,182,400,,,0,15,,183,400,,,0,15,,184,400,,,0,55,,185,400,,,0,15,,186,400,,,0,16,,187,400,,,0,14,,188,400,,,0,56,,189,400,,,0,15,,190,400,,,0,15,,191,400,,,0,13,,192,400,,,0,52,,2370,240,,,0,5,,193,400,,,0,31,,194,400,,,0,79,,195,400,,,0,80,,196,400,,,0,39,,197,400,,,0,81,,198,400,,,0,86,,199,400,,,0,40,,200,400,,,0,80,,201,400,,,0,80,,202,400,,,0,44,,203,400,,,0,64,,204,400,,,0,15,,205,400,,,0,15,,206,400,,,0,55,,207,400,,,0,17,,208,400,,,0,20,,209,400,,,0,20,,210,400,,,0,54,,211,400,,,0,12,,212,400,,,0,18,,213,400,,,0,14,,214,400,,,0,51,,215,400,,,0,17,,216,400,,,0,24,,217,400,,,0,77,,218,400,,,0,24,,219,400,,,0,70,,220,400,,,0,30,,221,400,,,0,70,,222,400,,,0,100,,223,400,,,0,100,,224,400,,,0,98,,225,400,,,0
14400,'Fête-1-01',825,,2521,130,,,0,200,,2522,130,,,0,200,,2523,130,,,0,221,,2524,130,,,0,201,,2525,130,,,0,199,,2526,130,,,0
14400,'Week-end-01',825,,532,130,,,0,200,,533,130,,,0,200,,534,130,,,0,221,,535,130,,,0,201,,536,130,,,0,199,,537,130,,,0
14400,'Fête-2-01',530,,2530,130,,,0,72,,2542,130,,,0,46,,2543,130,,,0,78,,2544,130,,,0,84,,2545,130,,,0,36,,2540,130,,,0,100,,2535,130,,,0,160,,2536,130,,,0,120,,2537,130,,,0,122,,2538,130,,,0,160,,2539,130,,,0,118,,2527,130,,,0,77,,2531,130,,,0,42,,2528,130,,,0,76,,2529,130,,,0,85,,2541,130,,,0,35,,2534,130,,,0,160,,2533,130,,,0,120,,2532,130,,,0
14400,'Semaine-01',530,,566,130,,,0,72,,578,130,,,0,46,,579,130,,,0,78,,580,130,,,0,84,,581,130,,,0,36,,576,130,,,0,100,,571,130,,,0,160,,572,130,,,0,120,,573,130,,,0,122,,574,130,,,0,160,,575,130,,,0,118,,563,130,,,0,77,,567,130,,,0,42,,564,130,,,0,76,,565,130,,,0,85,,577,130,,,0,35,,570,130,,,0,160,,569,130,,,0,120,,568,130,,,0
35201,'Fête-1-01',707,,2993,150,,,0,117,,2994,150,,,0,120,,2995,150,,,0,280,,2998,150,,,0,280,,2999,150,,,0,240,,3000,150,,,0,480,,2997,150,,,0,203,,2996,150,,,0
35201,'Week-end-01',707,,1474,150,,,0,117,,1475,150,,,0,120,,1476,150,,,0,280,,1479,150,,,0,280,,1480,150,,,0,240,,1481,150,,,0,480,,1478,150,,,0,203,,1477,150,,,0
35201,'Fête-2-01',617,,3001,150,,,0,30,,3002,150,,,0,70,,3003,150,,,0,84,,3004,150,,,0,125,,3005,150,,,0,120,,3006,150,,,0,160,,3007,150,,,0,200,,3008,150,,,0,231,,3009,150,,,0,396,,3010,150,,,0,172,,3011,150,,,0,130,,3012,150,,,0
35201,'Semaine-01',617,,1502,150,,,0,30,,1503,150,,,0,70,,1504,150,,,0,84,,1505,150,,,0,125,,1506,150,,,0,120,,1507,150,,,0,160,,1508,150,,,0,200,,1509,150,,,0,231,,1510,150,,,0,396,,1511,150,,,0,172,,1512,150,,,0,130,,1513,150,,,0
45001,'Fête-2-01',1627,,3028,150,4,,0,20,,3031,150,4,,0,60,,3024,150,4,,0,20,,3029,150,4,,0,20,,3030,150,4,,0,60,,3025,150,4,,0,20,,3027,150,4,,0,20,,3026,150,4,,0
45001,'Semaine-01',1627,,1520,150,4,,0,20,,1523,150,4,,0,60,,3032,150,4,,0,20,,1521,150,4,,0,20,,1522,150,4,,0,60,,3033,150,4,,0,20,,1519,150,4,,0,20,,3034,150,4,,0
