14001,'Fête-1-01',655,,2304,290,,,0,80,,2305,290,,,0,80,,2306,290,,,0,40,,2307,290,,,0,80,,2308,290,,,0,80,,2309,290,,,0,40,,2310,290,,,0,80,,2311,290,,,0,80,,2312,290,,,0,40,,2313,290,,,0,77,,2314,290,,,0,77,,2315,290,,,0,37,,2316,290,,,0,77,,2317,290,,,0,79,,2318,290,,,0,39,,2319,290,,,0,81,,2320,290,,,0,79,,2321,290,,,0,40,,2322,290,,,0
14001,'Week-end-01',655,,97,290,,,0,80,,98,290,,,0,80,,99,290,,,0,40,,100,290,,,0,80,,101,290,,,0,80,,102,290,,,0,40,,103,290,,,0,80,,104,290,,,0,80,,105,290,,,0,40,,106,290,,,0,77,,107,290,,,0,77,,108,290,,,0,37,,109,290,,,0,77,,110,290,,,0,79,,111,290,,,0,39,,112,290,,,0,81,,113,290,,,0,79,,114,290,,,0,40,,115,290,,,0
14001,'Fête-2-01',522,,2369,290,,,0,81,,2323,290,,,0,16,,2324,290,,,0,15,,2325,290,,,0,15,,2326,290,,,0,55,,2327,290,,,0,15,,2328,290,,,0,16,,2329,290,,,0,14,,2330,290,,,0,56,,2331,290,,,0,15,,2332,290,,,0,15,,2333,290,,,0,13,,2334,290,,,0,52,,2368,130,,,0,5,,2335,290,,,0,31,,2336,290,,,0,79,,2337,290,,,0,40,,2338,290,,,0,80,,2339,290,,,0,81,,2340,290,,,0,86,,2341,290,,,0,40,,2342,290,,,0,80,,2343,290,,,0,80,,2344,290,,,0,43,,2345,290,,,0,64,,2346,290,,,0,15,,2347,290,,,0,15,,2348,290,,,0,15,,2349,290,,,0,57,,2350,290,,,0,20,,2351,290,,,0,20,,2352,290,,,0,54,,2353,290,,,0,12,,2354,290,,,0,18,,2355,290,,,0,14,,2356,290,,,0,51,,2357,290,,,0,17,,2358,290,,,0,25,,2359,290,,,0,77,,2360,290,,,0,24,,2361,290,,,0,70,,2362,290,,,0,30,,2363,290,,,0,70,,2364,290,,,0,100,,2365,290,,,0,100,,2366,290,,,0,98,,2367,290,,,0
14001,'Semaine-01',522,,227,290,,,0,81,,181,290,,,0,16,,182,290,,,0,15,,183,290,,,0,15,,184,290,,,0,55,,185,290,,,0,15,,186,290,,,0,16,,187,290,,,0,14,,188,290,,,0,56,,189,290,,,0,15,,190,290,,,0,15,,191,290,,,0,13,,192,290,,,0,52,,2370,130,,,0,5,,193,290,,,0,31,,194,290,,,0,79,,195,290,,,0,40,,196,290,,,0,80,,197,290,,,0,81,,198,290,,,0,86,,199,290,,,0,40,,200,290,,,0,80,,201,290,,,0,80,,202,290,,,0,43,,203,290,,,0,64,,204,290,,,0,15,,205,290,,,0,15,,206,290,,,0,15,,207,290,,,0,57,,208,290,,,0,20,,209,290,,,0,20,,210,290,,,0,54,,211,290,,,0,12,,212,290,,,0,18,,213,290,,,0,14,,214,290,,,0,51,,215,290,,,0,17,,216,290,,,0,25,,217,290,,,0,77,,218,290,,,0,24,,219,290,,,0,70,,220,290,,,0,30,,221,290,,,0,70,,222,290,,,0,100,,223,290,,,0,100,,224,290,,,0,98,,225,290,,,0
14401,'Fête-1-01',841,,2547,80,,,0,200,,2548,80,,,0,200,,2546,80,,,0,187,,2549,80,,,0,201,,2550,80,,,0,199,,2551,80,,,0,200,,2552,80,,,0
14401,'Week-end-01',841,,583,80,,,0,200,,584,80,,,0,200,,582,80,,,0,187,,585,80,,,0,201,,586,80,,,0,199,,587,80,,,0,200,,588,80,,,0
14401,'Fête-2-01',543,,2553,80,,,0,72,,2564,80,,,0,92,,2565,80,,,0,44,,2566,80,,,0,77,,2567,80,,,0,99,,2556,80,,,0,120,,2557,80,,,0,160,,2558,80,,,0,122,,2559,80,,,0,120,,2560,80,,,0,158,,2561,80,,,0,34,,2568,80,,,0,85,,2569,80,,,0,76,,2570,80,,,0,45,,2571,80,,,0,75,,2562,80,,,0,120,,2563,80,,,0,160,,2554,80,,,0,120,,2555,80,,,0
14401,'Semaine-01',543,,615,80,,,0,72,,626,80,,,0,92,,627,80,,,0,44,,628,80,,,0,77,,629,80,,,0,99,,618,80,,,0,120,,619,80,,,0,160,,620,80,,,0,122,,621,80,,,0,120,,622,80,,,0,158,,623,80,,,0,34,,630,80,,,0,85,,631,80,,,0,76,,632,80,,,0,45,,633,80,,,0,75,,624,80,,,0,120,,625,80,,,0,160,,616,80,,,0,120,,617,80,,,0
45001,'Fête-2-01',1614,,3028,30,,,0,20,,3031,30,,,0,20,,3024,30,,,0,60,,3029,30,,,0,20,,3030,30,,,0,20,,3025,30,,,0,60,,3027,30,,,0,20,,3026,30,,,0
45001,'Semaine-01',1614,,1520,30,,,0,20,,1523,30,,,0,20,,3032,30,,,0,60,,1521,30,,,0,20,,1522,30,,,0,20,,3033,30,,,0,60,,1519,30,,,0,20,,3034,30,,,0
