14100,'Fête-1-01',757,,2374,20,,,0,80,,2375,20,,,0,79,,2376,20,,,0,40,,2377,20,,,0,80,,2378,20,,,0,80,,2379,20,,,0,40,,2380,20,,,0,79,,2381,20,,,0,80,,2371,20,,,0,39,,2382,20,,,0,78,,2383,20,,,0,78,,2384,20,,,0,38,,2385,20,,,0,78,,2386,20,,,0,81,,2387,20,,,0,39,,2388,20,,,0,79,,2389,20,,,0,94,,2390,20,,,0,15,,2391,20,,,0,88,,2392,20,,,0,12,,2393,20,,,0,85,,2394,20,,,0,15,,2396,20,,,0,85,,2395,20,,,0,15,,2399,20,,,0,85,,2397,20,,,0,100,,2398,20,,,0,100,,2400,20,,,0
14100,'Week-end-01',757,,231,20,,,0,80,,232,20,,,0,79,,233,20,,,0,40,,234,20,,,0,80,,235,20,,,0,80,,236,20,,,0,40,,237,20,,,0,79,,238,20,,,0,80,,228,20,,,0,39,,239,20,,,0,78,,240,20,,,0,78,,241,20,,,0,38,,242,20,,,0,78,,243,20,,,0,81,,244,20,,,0,39,,245,20,,,0,79,,246,20,,,0,94,,247,20,,,0,15,,248,20,,,0,88,,249,20,,,0,12,,250,20,,,0,85,,251,20,,,0,15,,253,20,,,0,85,,252,20,,,0,15,,256,20,,,0,85,,254,20,,,0,100,,255,20,,,0,100,,257,20,,,0
14100,'Fête-2-01',506,,2448,20,,,0,28,,2401,20,,,0,17,,2402,20,,,0,8,,2403,20,,,0,61,,2404,20,,,0,14,,2405,20,,,0,15,,2406,20,,,0,55,,2407,20,,,0,14,,2408,20,,,0,17,,2409,20,,,0,15,,2410,20,,,0,53,,2411,20,,,0,16,,2412,20,,,0,14,,2413,20,,,0,16,,2414,20,,,0,87,,2415,20,,,0,80,,2416,20,,,0,40,,2417,20,,,0,80,,2418,20,,,0,87,,2419,20,,,0,80,,2420,20,,,0,40,,2421,20,,,0,80,,2422,20,,,0,80,,2423,20,,,0,44,,2424,20,,,0,55,,2425,20,,,0,15,,2426,20,,,0,15,,2427,20,,,0,17,,2428,20,,,0,10,,2429,20,,,0,60,,2430,20,,,0,20,,2431,20,,,0,61,,2432,20,,,0,5,,2433,20,,,0,21,,2434,20,,,0,14,,2435,20,,,0,70,,2436,20,,,0,30,,2437,20,,,0,60,,2440,20,,,0,25,,2441,20,,,0,30,,2442,20,,,0,70,,2443,20,,,0,30,,2444,20,,,0,70,,2445,20,,,0,30,,2446,20,,,0,100,,2447,20,,,0,98,,2438,20,,,0,100,,2439,20,,,0
14100,'Semaine-01',506,,383,20,,,0,28,,336,20,,,0,17,,337,20,,,0,8,,338,20,,,0,61,,339,20,,,0,14,,340,20,,,0,15,,341,20,,,0,55,,342,20,,,0,14,,343,20,,,0,17,,344,20,,,0,15,,345,20,,,0,53,,346,20,,,0,16,,347,20,,,0,14,,348,20,,,0,16,,349,20,,,0,87,,350,20,,,0,80,,351,20,,,0,40,,352,20,,,0,80,,353,20,,,0,87,,354,20,,,0,80,,355,20,,,0,40,,356,20,,,0,80,,357,20,,,0,80,,358,20,,,0,44,,359,20,,,0,55,,360,20,,,0,15,,361,20,,,0,15,,362,20,,,0,17,,363,20,,,0,10,,364,20,,,0,60,,365,20,,,0,20,,366,20,,,0,61,,367,20,,,0,5,,368,20,,,0,21,,369,20,,,0,14,,370,20,,,0,70,,371,20,,,0,30,,372,20,,,0,60,,375,20,,,0,25,,376,20,,,0,30,,377,20,,,0,70,,378,20,,,0,30,,379,20,,,0,70,,380,20,,,0,30,,381,20,,,0,100,,382,20,,,0,98,,373,20,,,0,100,,374,20,,,0
14401,'Fête-1-01',835,,2547,20,,,0,200,,2548,20,,,0,200,,2546,20,,,0,187,,2549,20,,,0,201,,2550,20,,,0,199,,2551,20,,,0,200,,2552,20,,,0
14401,'Week-end-01',835,,583,20,,,0,200,,584,20,,,0,200,,582,20,,,0,187,,585,20,,,0,201,,586,20,,,0,199,,587,20,,,0,200,,588,20,,,0
14401,'Fête-2-01',537,,2553,20,,,0,72,,2564,20,,,0,92,,2565,20,,,0,44,,2566,20,,,0,77,,2567,20,,,0,100,,2556,20,,,0,120,,2557,20,,,0,160,,2558,20,,,0,121,,2559,20,,,0,120,,2560,20,,,0,158,,2561,20,,,0,34,,2568,20,,,0,85,,2569,20,,,0,36,,2570,20,,,0,85,,2571,20,,,0,76,,2562,20,,,0,120,,2563,20,,,0,120,,2554,20,,,0,160,,2555,20,,,0
14401,'Semaine-01',537,,615,20,,,0,72,,626,20,,,0,92,,627,20,,,0,44,,628,20,,,0,77,,629,20,,,0,100,,618,20,,,0,120,,619,20,,,0,160,,620,20,,,0,121,,621,20,,,0,120,,622,20,,,0,158,,623,20,,,0,34,,630,20,,,0,85,,631,20,,,0,36,,632,20,,,0,85,,633,20,,,0,76,,624,20,,,0,120,,625,20,,,0,120,,616,20,,,0,160,,617,20,,,0
35200,'Fête-1-01',828,,2969,20,,,0,120,,2970,20,,,0,280,,2971,20,,,0,280,,2972,20,,,0,240,,2973,20,,,0,156,,2974,20,,,0,239,,2975,20,,,0,85,,2976,20,,,0,276,,2977,20,,,0
35200,'Week-end-01',828,,1426,20,,,0,120,,1427,20,,,0,280,,1428,20,,,0,280,,1429,20,,,0,240,,1430,20,,,0,156,,1431,20,,,0,239,,1432,20,,,0,85,,1433,20,,,0,276,,1434,20,,,0
35200,'Fête-2-01',828,,2978,20,,,0,215,,2979,20,,,0,160,,2980,20,,,0,200,,2981,20,,,0,246,,2982,20,,,0,70,,2983,20,,,0,36,,2984,20,,,0,70,,2985,20,,,0,31,,2986,20,,,0,69,,2987,20,,,0,75,,2988,20,,,0,125,,2989,20,,,0,130,,2990,20,,,0,100,,2991,20,,,0,198,,2992,20,,,0
35200,'Semaine-01',828,,1459,20,,,0,215,,1460,20,,,0,160,,1461,20,,,0,200,,1462,20,,,0,246,,1463,20,,,0,70,,1464,20,,,0,36,,1465,20,,,0,70,,1466,20,,,0,31,,1467,20,,,0,69,,1468,20,,,0,75,,1469,20,,,0,125,,1470,20,,,0,130,,1471,20,,,0,100,,1472,20,,,0,198,,1473,20,,,0
