14001,'Fête-1-01',702,,2304,390,,,0,40,,2305,390,,,0,80,,2306,390,,,0,80,,2307,390,,,0,40,,2308,390,,,0,80,,2309,390,,,0,80,,2310,390,,,0,40,,2311,390,,,0,80,,2312,390,,,0,80,,2313,390,,,0,37,,2314,390,,,0,77,,2315,390,,,0,37,,2316,390,,,0,77,,2317,390,,,0,79,,2318,390,,,0,39,,2319,390,,,0,81,,2320,390,,,0,79,,2321,390,,,0,40,,2322,390,,,0
14001,'Week-end-01',702,,97,390,,,0,40,,98,390,,,0,80,,99,390,,,0,80,,100,390,,,0,40,,101,390,,,0,80,,102,390,,,0,80,,103,390,,,0,40,,104,390,,,0,80,,105,390,,,0,80,,106,390,,,0,37,,107,390,,,0,77,,108,390,,,0,37,,109,390,,,0,77,,110,390,,,0,79,,111,390,,,0,39,,112,390,,,0,81,,113,390,,,0,79,,114,390,,,0,40,,115,390,,,0
14001,'Fête-2-01',529,,2369,390,,,0,81,,2323,390,,,0,16,,2324,390,,,0,15,,2325,390,,,0,15,,2326,390,,,0,55,,2327,390,,,0,15,,2328,390,,,0,16,,2329,390,,,0,14,,2330,390,,,0,56,,2331,390,,,0,15,,2332,390,,,0,15,,2333,390,,,0,13,,2334,390,,,0,52,,2368,230,,,0,5,,2335,390,,,0,31,,2336,390,,,0,79,,2337,390,,,0,80,,2338,390,,,0,39,,2339,390,,,0,81,,2340,390,,,0,86,,2341,390,,,0,40,,2342,390,,,0,80,,2343,390,,,0,80,,2344,390,,,0,44,,2345,390,,,0,64,,2346,390,,,0,15,,2347,390,,,0,15,,2348,390,,,0,55,,2349,390,,,0,17,,2350,390,,,0,20,,2351,390,,,0,20,,2352,390,,,0,54,,2353,390,,,0,12,,2354,390,,,0,18,,2355,390,,,0,14,,2356,390,,,0,51,,2357,390,,,0,17,,2358,390,,,0,24,,2359,390,,,0,77,,2360,390,,,0,24,,2361,390,,,0,70,,2362,390,,,0,30,,2363,390,,,0,70,,2364,390,,,0,100,,2365,390,,,0,100,,2366,390,,,0,98,,2367,390,,,0
14001,'Semaine-01',529,,227,390,,,0,81,,181,390,,,0,16,,182,390,,,0,15,,183,390,,,0,15,,184,390,,,0,55,,185,390,,,0,15,,186,390,,,0,16,,187,390,,,0,14,,188,390,,,0,56,,189,390,,,0,15,,190,390,,,0,15,,191,390,,,0,13,,192,390,,,0,52,,2370,230,,,0,5,,193,390,,,0,31,,194,390,,,0,79,,195,390,,,0,80,,196,390,,,0,39,,197,390,,,0,81,,198,390,,,0,86,,199,390,,,0,40,,200,390,,,0,80,,201,390,,,0,80,,202,390,,,0,44,,203,390,,,0,64,,204,390,,,0,15,,205,390,,,0,15,,206,390,,,0,55,,207,390,,,0,17,,208,390,,,0,20,,209,390,,,0,20,,210,390,,,0,54,,211,390,,,0,12,,212,390,,,0,18,,213,390,,,0,14,,214,390,,,0,51,,215,390,,,0,17,,216,390,,,0,24,,217,390,,,0,77,,218,390,,,0,24,,219,390,,,0,70,,220,390,,,0,30,,221,390,,,0,70,,222,390,,,0,100,,223,390,,,0,100,,224,390,,,0,98,,225,390,,,0
14400,'Fête-1-01',824,,2521,120,,,0,200,,2522,120,,,0,200,,2523,120,,,0,221,,2524,120,,,0,201,,2525,120,,,0,199,,2526,120,,,0
14400,'Week-end-01',824,,532,120,,,0,200,,533,120,,,0,200,,534,120,,,0,221,,535,120,,,0,201,,536,120,,,0,199,,537,120,,,0
14400,'Fête-2-01',529,,2530,120,,,0,72,,2542,120,,,0,46,,2543,120,,,0,78,,2544,120,,,0,84,,2545,120,,,0,36,,2540,120,,,0,100,,2535,120,,,0,160,,2536,120,,,0,120,,2537,120,,,0,122,,2538,120,,,0,160,,2539,120,,,0,118,,2527,120,,,0,77,,2531,120,,,0,42,,2528,120,,,0,76,,2529,120,,,0,85,,2541,120,,,0,35,,2534,120,,,0,160,,2533,120,,,0,120,,2532,120,,,0
14400,'Semaine-01',529,,566,120,,,0,72,,578,120,,,0,46,,579,120,,,0,78,,580,120,,,0,84,,581,120,,,0,36,,576,120,,,0,100,,571,120,,,0,160,,572,120,,,0,120,,573,120,,,0,122,,574,120,,,0,160,,575,120,,,0,118,,563,120,,,0,77,,567,120,,,0,42,,564,120,,,0,76,,565,120,,,0,85,,577,120,,,0,35,,570,120,,,0,160,,569,120,,,0,120,,568,120,,,0
35201,'Fête-1-01',707,,2993,140,,,0,117,,2994,140,,,0,120,,2995,140,,,0,280,,2998,140,,,0,280,,2999,140,,,0,240,,3000,140,,,0,480,,2997,140,,,0,203,,2996,140,,,0
35201,'Week-end-01',707,,1474,140,,,0,117,,1475,140,,,0,120,,1476,140,,,0,280,,1479,140,,,0,280,,1480,140,,,0,240,,1481,140,,,0,480,,1478,140,,,0,203,,1477,140,,,0
35201,'Fête-2-01',617,,3001,140,,,0,30,,3002,140,,,0,70,,3003,140,,,0,84,,3004,140,,,0,125,,3005,140,,,0,120,,3006,140,,,0,160,,3007,140,,,0,200,,3008,140,,,0,231,,3009,140,,,0,396,,3010,140,,,0,172,,3011,140,,,0,130,,3012,140,,,0
35201,'Semaine-01',617,,1502,140,,,0,30,,1503,140,,,0,70,,1504,140,,,0,84,,1505,140,,,0,125,,1506,140,,,0,120,,1507,140,,,0,160,,1508,140,,,0,200,,1509,140,,,0,231,,1510,140,,,0,396,,1511,140,,,0,172,,1512,140,,,0,130,,1513,140,,,0
45001,'Fête-2-01',1625,,3028,140,,,0,20,,3031,140,,,0,60,,3024,140,,,0,20,,3029,140,,,0,20,,3030,140,,,0,60,,3025,140,,,0,20,,3027,140,,,0,20,,3026,140,,,0
45001,'Semaine-01',1625,,1520,140,,,0,20,,1523,140,,,0,60,,3032,140,,,0,20,,1521,140,,,0,20,,1522,140,,,0,60,,3033,140,,,0,20,,1519,140,,,0,20,,3034,140,,,0
