55000,'Fête-2-01',721,,3175,30,4,,0,110,,3180,30,4,,0,70,,3176,30,4,,0,657,,3179,30,4,,0,101,,3177,30,4,,0,142,,3178,30,4,,0
55000,'Semaine-01',721,,1766,30,4,,0,80,,3182,30,4,,0,30,,1771,30,4,,0,70,,1767,30,4,,0,35,,3181,30,4,,0,100,,3185,30,4,,0,100,,3183,30,4,,0,100,,3184,30,4,,0,322,,1770,30,4,,0,101,,1768,30,4,,0,142,,1769,30,4,,0
55001,'Fête-2-01',746,,3186,30,,,0,110,,3187,30,,,0,768,,3188,30,,,0,101,,3189,30,,,0,101,,3190,30,,,0
55001,'Semaine-01',746,,1777,30,,,0,110,,1778,30,,,0,470,,3196,30,,,0,100,,3191,30,,,0,100,,3192,30,,,0,98,,1779,30,,,0,32,,3195,30,,,0,69,,1780,30,,,0,31,,3193,30,,,0,70,,1781,30,,,0,30,,3194,30,,,0
55100,'Fête-2-01',717,,3197,30,4,,0,121,,3199,30,4,,0,14,,3198,30,4,,0,702,,3200,30,4,,0,100,,3201,30,4,,0,100,,3202,30,4,,0
55100,'Semaine-01',717,,1790,30,4,,0,35,,3204,30,4,,0,86,,1792,30,4,,0,14,,1791,30,4,,0,85,,3203,30,4,,0,100,,3207,30,4,,0,100,,3205,30,4,,0,100,,3206,30,4,,0,317,,1793,30,4,,0,100,,1794,30,4,,0,100,,1795,30,4,,0
55101,'Fête-2-01',743,,3208,30,,,0,174,,3209,30,,,0,704,,3210,30,,,0,100,,3211,30,,,0,100,,3212,30,,,0
55101,'Semaine-01',743,,1801,30,,,0,174,,1802,30,,,0,404,,3217,30,,,0,100,,3213,30,,,0,100,,3214,30,,,0,100,,1803,30,,,0,30,,3218,30,,,0,70,,1804,30,,,0,30,,3215,30,,,0,70,,1805,30,,,0,30,,3216,30,,,0
55500,'Fête-2-01',648,,3303,40,4,,0,65,,3306,40,4,,0,20,,3307,40,4,,0,871,,3304,40,4,,0,100,,3305,40,4,,0
55500,'Semaine-01',648,,1915,40,4,,0,65,,1921,40,4,,0,20,,1922,40,4,,0,25,,3310,40,4,,0,70,,1923,40,4,,0,110,,3308,40,4,,0,100,,3311,40,4,,0,100,,3309,40,4,,0,100,,3312,40,4,,0,100,,3313,40,4,,0,166,,3314,40,4,,0,100,,1919,40,4,,0,100,,1920,40,4,,0
55501,'Fête-2-01',741,,3317,30,,,0,60,,3318,30,,,0,830,,3319,30,,,0,100,,3316,30,,,0,100,,3315,30,,,0
55501,'Semaine-01',741,,1933,30,,,0,60,,1934,30,,,0,530,,3320,30,,,0,100,,3321,30,,,0,100,,3326,30,,,0,70,,3322,30,,,0,30,,1935,30,,,0,75,,3323,30,,,0,25,,1932,30,,,0,80,,3324,30,,,0,20,,1930,30,,,0,70,,3325,30,,,0
