13400,'Fête-1-01',712,,2256,280,4,,0,208,,2262,280,4,,0,199,,2257,280,4,,0,200,,2259,280,4,,0,288,,2258,280,4,,0,199,,2261,280,4,,0,143,,2260,280,4,,0
13400,'Week-end-01',712,,1,280,4,,0,208,,7,280,4,,0,199,,2,280,4,,0,200,,4,280,4,,0,288,,3,280,4,,0,199,,6,280,4,,0,143,,5,280,4,,0
13400,'Fête-2-01',548,,2264,280,4,,0,80,,2265,280,4,,0,20,,2266,280,4,,0,60,,2267,280,4,,0,20,,2268,280,4,,0,20,,2269,280,4,,0,60,,2270,280,4,,0,22,,2271,280,4,,0,70,,2272,280,4,,0,155,,2263,280,4,,0
13400,'Semaine-01',548,,26,280,4,,0,80,,27,280,4,,0,20,,28,280,4,,0,60,,29,280,4,,0,20,,30,280,4,,0,20,,31,280,4,,0,60,,32,280,4,,0,22,,33,280,4,,0,70,,34,280,4,,0,155,,25,280,4,,0
13401,'Fête-1-01',726,,2273,10,,,0,202,,2274,10,,,0,197,,2277,10,,,0,198,,2279,10,,,0,201,,2276,10,,,0,199,,2278,10,,,0,183,,2275,10,,,0
13401,'Week-end-01',726,,35,10,,,0,202,,36,10,,,0,197,,39,10,,,0,198,,41,10,,,0,201,,38,10,,,0,199,,40,10,,,0,183,,37,10,,,0
13401,'Fête-2-01',1316,,2287,10,,,0,233,,2281,10,,,0,65,,2280,10,,,0,22,,2289,10,,,0,20,,2282,10,,,0,60,,2283,10,,,0,20,,2286,10,,,0,20,,2284,10,,,0,58,,2285,10,,,0,38,,2288,10,,,0
13401,'Semaine-01',1316,,66,10,,,0,233,,60,10,,,0,65,,59,10,,,0,22,,68,10,,,0,20,,61,10,,,0,60,,62,10,,,0,20,,65,10,,,0,20,,63,10,,,0,58,,64,10,,,0,38,,67,10,,,0
55100,'Fête-2-01',655,,3197,10,,,0,161,,3199,10,,,0,14,,3198,10,,,0,702,,3200,10,,,0,100,,3201,10,,,0,100,,3202,10,,,0
55100,'Semaine-01',655,,1790,10,,,0,75,,3204,10,,,0,86,,1792,10,,,0,14,,1791,10,,,0,85,,3203,10,,,0,100,,3207,10,,,0,100,,3205,10,,,0,100,,3206,10,,,0,317,,1793,10,,,0,100,,1794,10,,,0,100,,1795,10,,,0
55101,'Fête-2-01',808,,3208,50,4,,0,134,,3209,50,4,,0,704,,3210,50,4,,0,100,,3211,50,4,,0,100,,3212,50,4,,0
55101,'Semaine-01',808,,1801,50,4,,0,134,,1802,50,4,,0,404,,3217,50,4,,0,100,,3213,50,4,,0,100,,3214,50,4,,0,100,,1803,50,4,,0,70,,3218,50,4,,0,30,,1804,50,4,,0,70,,3215,50,4,,0,30,,1805,50,4,,0,70,,3216,50,4,,0
