14400,'Fête-2-01',949,,2535,160,4,,0,160,,2536,160,4,,0,120,,2537,160,4,,0,122,,2538,160,4,,0,162,,2539,160,4,,0,431,,2534,160,4,,0,160,,2533,160,4,,0,120,,2532,160,4,,0
14400,'Semaine-01',949,,571,160,4,,0,160,,572,160,4,,0,120,,573,160,4,,0,122,,574,160,4,,0,162,,575,160,4,,0,431,,570,160,4,,0,160,,569,160,4,,0,120,,568,160,4,,0
14401,'Fête-2-01',921,,2556,10,,,0,120,,2557,10,,,0,160,,2558,10,,,0,120,,2559,10,,,0,120,,2560,10,,,0,475,,2562,10,,,0,120,,2563,10,,,0,120,,2554,10,,,0,160,,2555,10,,,0
14401,'Semaine-01',921,,618,10,,,0,120,,619,10,,,0,160,,620,10,,,0,120,,621,10,,,0,120,,622,10,,,0,475,,624,10,,,0,120,,625,10,,,0,120,,616,10,,,0,160,,617,10,,,0
35100,'Fête-2-01',604,,2956,60,4,,0,31,,2957,60,4,,0,70,,2958,60,4,,0,25,,2959,60,4,,0,74,,2960,60,4,,0,36,,2961,60,4,,0
35100,'Semaine-01',604,,1406,60,4,,0,31,,1407,60,4,,0,70,,1408,60,4,,0,25,,1409,60,4,,0,74,,1410,60,4,,0,36,,1411,60,4,,0
35101,'Fête-2-01',1601,,2962,10,,,0,30,,2963,10,,,0,87,,2964,10,,,0,36,,2965,10,,,0,60,,2966,10,,,0,40,,2967,10,,,0,70,,2968,10,,,0
35101,'Semaine-01',1601,,1419,10,,,0,30,,1420,10,,,0,87,,1421,10,,,0,36,,1422,10,,,0,60,,1423,10,,,0,40,,1424,10,,,0,70,,1425,10,,,0
35200,'Fête-1-01',827,,2969,10,,,0,120,,2970,10,,,0,280,,2971,10,,,0,280,,2972,10,,,0,240,,2973,10,,,0,156,,2974,10,,,0,239,,2975,10,,,0,85,,2976,10,,,0,276,,2977,10,,,0
35200,'Week-end-01',827,,1426,10,,,0,120,,1427,10,,,0,280,,1428,10,,,0,280,,1429,10,,,0,240,,1430,10,,,0,156,,1431,10,,,0,239,,1432,10,,,0,85,,1433,10,,,0,276,,1434,10,,,0
35200,'Fête-2-01',827,,2978,10,,,0,215,,2979,10,,,0,160,,2980,10,,,0,200,,2981,10,,,0,246,,2982,10,,,0,70,,2983,10,,,0,36,,2984,10,,,0,70,,2985,10,,,0,31,,2986,10,,,0,69,,2987,10,,,0,35,,2988,10,,,0,165,,2989,10,,,0,130,,2990,10,,,0,100,,2991,10,,,0,198,,2992,10,,,0
35200,'Semaine-01',827,,1459,10,,,0,215,,1460,10,,,0,160,,1461,10,,,0,200,,1462,10,,,0,246,,1463,10,,,0,70,,1464,10,,,0,36,,1465,10,,,0,70,,1466,10,,,0,31,,1467,10,,,0,69,,1468,10,,,0,35,,1469,10,,,0,165,,1470,10,,,0,130,,1471,10,,,0,100,,1472,10,,,0,198,,1473,10,,,0
35201,'Fête-1-01',710,,2993,180,4,,0,117,,2994,180,4,,0,120,,2995,180,4,,0,280,,2998,180,4,,0,280,,2999,180,4,,0,240,,3000,180,4,,0,480,,2997,180,4,,0,203,,2996,180,4,,0
35201,'Week-end-01',710,,1474,180,4,,0,117,,1475,180,4,,0,120,,1476,180,4,,0,280,,1479,180,4,,0,280,,1480,180,4,,0,240,,1481,180,4,,0,480,,1478,180,4,,0,203,,1477,180,4,,0
35201,'Fête-2-01',620,,3001,180,4,,0,30,,3002,180,4,,0,70,,3003,180,4,,0,84,,3004,180,4,,0,125,,3005,180,4,,0,120,,3006,180,4,,0,160,,3007,180,4,,0,200,,3008,180,4,,0,231,,3009,180,4,,0,396,,3010,180,4,,0,172,,3011,180,4,,0,130,,3012,180,4,,0
35201,'Semaine-01',620,,1502,180,4,,0,30,,1503,180,4,,0,70,,1504,180,4,,0,84,,1505,180,4,,0,125,,1506,180,4,,0,120,,1507,180,4,,0,160,,1508,180,4,,0,200,,1509,180,4,,0,231,,1510,180,4,,0,396,,1511,180,4,,0,172,,1512,180,4,,0,130,,1513,180,4,,0
