14001,'Fête-1-01',707,,2304,460,,,0,40,,2305,460,,,0,80,,2306,460,,,0,80,,2307,460,,,0,40,,2308,460,,,0,80,,2309,460,,,0,80,,2310,460,,,0,40,,2311,460,,,0,80,,2312,460,,,0,80,,2313,460,,,0,37,,2314,460,,,0,77,,2315,460,,,0,37,,2316,460,,,0,77,,2317,460,,,0,79,,2318,460,,,0,39,,2319,460,,,0,81,,2320,460,,,0,79,,2321,460,,,0,40,,2322,460,,,0
14001,'Week-end-01',707,,97,460,,,0,40,,98,460,,,0,80,,99,460,,,0,80,,100,460,,,0,40,,101,460,,,0,80,,102,460,,,0,80,,103,460,,,0,40,,104,460,,,0,80,,105,460,,,0,80,,106,460,,,0,37,,107,460,,,0,77,,108,460,,,0,37,,109,460,,,0,77,,110,460,,,0,79,,111,460,,,0,39,,112,460,,,0,81,,113,460,,,0,79,,114,460,,,0,40,,115,460,,,0
14001,'Fête-2-01',534,,2369,460,,,0,83,,2323,460,,,0,16,,2324,460,,,0,15,,2325,460,,,0,55,,2326,460,,,0,15,,2327,460,,,0,15,,2328,460,,,0,16,,2329,460,,,0,54,,2330,460,,,0,16,,2331,460,,,0,15,,2332,460,,,0,15,,2333,460,,,0,53,,2334,460,,,0,10,,2368,300,,,0,5,,2335,460,,,0,31,,2336,460,,,0,79,,2337,460,,,0,80,,2338,460,,,0,39,,2339,460,,,0,81,,2340,460,,,0,86,,2341,460,,,0,40,,2342,460,,,0,80,,2343,460,,,0,80,,2344,460,,,0,46,,2345,460,,,0,64,,2346,460,,,0,15,,2347,460,,,0,15,,2348,460,,,0,55,,2349,460,,,0,17,,2350,460,,,0,20,,2351,460,,,0,60,,2352,460,,,0,14,,2353,460,,,0,12,,2354,460,,,0,18,,2355,460,,,0,53,,2356,460,,,0,11,,2357,460,,,0,17,,2358,460,,,0,23,,2359,460,,,0,77,,2360,460,,,0,24,,2361,460,,,0,70,,2362,460,,,0,30,,2363,460,,,0,70,,2364,460,,,0,100,,2365,460,,,0,100,,2366,460,,,0,98,,2367,460,,,0
14001,'Semaine-01',534,,227,460,,,0,83,,181,460,,,0,16,,182,460,,,0,15,,183,460,,,0,55,,184,460,,,0,15,,185,460,,,0,15,,186,460,,,0,16,,187,460,,,0,54,,188,460,,,0,16,,189,460,,,0,15,,190,460,,,0,15,,191,460,,,0,53,,192,460,,,0,10,,2370,300,,,0,5,,193,460,,,0,31,,194,460,,,0,79,,195,460,,,0,80,,196,460,,,0,39,,197,460,,,0,81,,198,460,,,0,86,,199,460,,,0,40,,200,460,,,0,80,,201,460,,,0,80,,202,460,,,0,46,,203,460,,,0,64,,204,460,,,0,15,,205,460,,,0,15,,206,460,,,0,55,,207,460,,,0,17,,208,460,,,0,20,,209,460,,,0,60,,210,460,,,0,14,,211,460,,,0,12,,212,460,,,0,18,,213,460,,,0,53,,214,460,,,0,11,,215,460,,,0,17,,216,460,,,0,23,,217,460,,,0,77,,218,460,,,0,24,,219,460,,,0,70,,220,460,,,0,30,,221,460,,,0,70,,222,460,,,0,100,,223,460,,,0,100,,224,460,,,0,98,,225,460,,,0
14400,'Fête-1-01',827,,2521,150,,,0,200,,2522,150,,,0,200,,2523,150,,,0,221,,2524,150,,,0,201,,2525,150,,,0,199,,2526,150,,,0
14400,'Week-end-01',827,,532,150,,,0,200,,533,150,,,0,200,,534,150,,,0,221,,535,150,,,0,201,,536,150,,,0,199,,537,150,,,0
14400,'Fête-2-01',532,,2530,150,,,0,72,,2542,150,,,0,46,,2543,150,,,0,78,,2544,150,,,0,84,,2545,150,,,0,36,,2540,150,,,0,99,,2535,150,,,0,160,,2536,150,,,0,120,,2537,150,,,0,122,,2538,150,,,0,161,,2539,150,,,0,118,,2527,150,,,0,77,,2531,150,,,0,42,,2528,150,,,0,76,,2529,150,,,0,84,,2541,150,,,0,35,,2534,150,,,0,160,,2533,150,,,0,120,,2532,150,,,0
14400,'Semaine-01',532,,566,150,,,0,72,,578,150,,,0,46,,579,150,,,0,78,,580,150,,,0,84,,581,150,,,0,36,,576,150,,,0,99,,571,150,,,0,160,,572,150,,,0,120,,573,150,,,0,122,,574,150,,,0,161,,575,150,,,0,118,,563,150,,,0,77,,567,150,,,0,42,,564,150,,,0,76,,565,150,,,0,84,,577,150,,,0,35,,570,150,,,0,160,,569,150,,,0,120,,568,150,,,0
35201,'Fête-1-01',708,,2993,170,,,0,117,,2994,170,,,0,120,,2995,170,,,0,280,,2998,170,,,0,280,,2999,170,,,0,240,,3000,170,,,0,480,,2997,170,,,0,203,,2996,170,,,0
35201,'Week-end-01',708,,1474,170,,,0,117,,1475,170,,,0,120,,1476,170,,,0,280,,1479,170,,,0,280,,1480,170,,,0,240,,1481,170,,,0,480,,1478,170,,,0,203,,1477,170,,,0
35201,'Fête-2-01',618,,3001,170,,,0,30,,3002,170,,,0,70,,3003,170,,,0,84,,3004,170,,,0,125,,3005,170,,,0,120,,3006,170,,,0,160,,3007,170,,,0,200,,3008,170,,,0,231,,3009,170,,,0,396,,3010,170,,,0,172,,3011,170,,,0,130,,3012,170,,,0
35201,'Semaine-01',618,,1502,170,,,0,30,,1503,170,,,0,70,,1504,170,,,0,84,,1505,170,,,0,125,,1506,170,,,0,120,,1507,170,,,0,160,,1508,170,,,0,200,,1509,170,,,0,231,,1510,170,,,0,396,,1511,170,,,0,172,,1512,170,,,0,130,,1513,170,,,0
