134,13400,'Fête-1-01',2256,2257,2258,2259,2260,2261,2262
134,13400,'Week-end-01',1,2,3,4,5,6,7
134,13400,'Fête-2-01',2263,2264,2265,2266,2267,2268,2269,2270,2271,2272
134,13400,'Semaine-01',25,26,27,28,29,30,31,32,33,34
134,13401,'Fête-1-01',2273,2274,2275,2276,2277,2278,2279
134,13401,'Week-end-01',35,36,37,38,39,40,41
134,13401,'Fête-2-01',2280,2281,2282,2283,2284,2285,2286,2287,2288,2289
134,13401,'Semaine-01',59,60,61,62,63,64,65,66,67,68
135,13500,'Fête-2-01',2290,2291,2292,2293,2294,2295,2296
135,13500,'Semaine-01',76,77,78,79,80,81,82
135,13501,'Fête-2-01',2297,2298,2299,2300,2301,2302,2303
135,13501,'Semaine-01',90,91,92,93,94,95,96
140,14001,'Fête-1-01',2304,2305,2306,2307,2308,2309,2310,2311,2312,2313,2314,2315,2316,2317,2318,2319,2320,2321,2322
140,14001,'Week-end-01',97,98,99,100,101,102,103,104,105,106,107,108,109,110,111,112,113,114,115
140,14001,'Fête-2-01',2323,2324,2325,2326,2327,2328,2329,2330,2331,2332,2333,2334,2335,2336,2337,2338,2339,2340,2341,2342,2343,2344,2345,2346,2347,2348,2349,2350,2351,2352,2353,2354,2355,2356,2357,2358,2359,2360,2361,2362,2363,2364,2365,2366,2367,2368,2369
140,14001,'Semaine-01',181,182,183,184,185,186,187,188,189,190,191,192,193,194,195,196,197,198,199,200,201,202,203,204,205,206,207,208,209,210,211,212,213,214,215,216,217,218,219,220,221,222,223,224,225,2370,227
141,14100,'Fête-1-01',2371,2372,2373,2374,2375,2376,2377,2378,2379,2380,2381,2382,2383,2384,2385,2386,2387,2388,2389,2390,2391,2392,2393,2394,2395,2396,2397,2398,2399,2400
141,14100,'Week-end-01',228,229,230,231,232,233,234,235,236,237,238,239,240,241,242,243,244,245,246,247,248,249,250,251,252,253,254,255,256,257
141,14100,'Fête-2-01',2401,2402,2403,2404,2405,2406,2407,2408,2409,2410,2411,2412,2413,2414,2415,2416,2417,2418,2419,2420,2421,2422,2423,2424,2425,2426,2427,2428,2429,2430,2431,2432,2433,2434,2435,2436,2437,2438,2439,2440,2441,2442,2443,2444,2445,2446,2447,2448
141,14100,'Semaine-01',336,337,338,339,340,341,342,343,344,345,346,347,348,349,350,351,352,353,354,355,356,357,358,359,360,361,362,363,364,365,366,367,368,369,370,371,372,373,374,375,376,377,378,379,380,381,382,383
142,14201,'Fête-2-01',2449,2450,2451,2452,2453,2454,2455,2456,2457,2458,2459,2460,2461,2462,2463,2464,2465,2466,2467,2468,2469,2470,2471,2472,2473,2474,2475,2476,2477,2478,2479,2480,2481,2482,2483,2484
142,14201,'Semaine-01',421,422,423,424,425,426,427,428,430,431,432,433,434,435,436,437,438,439,440,441,442,443,444,445,446,447,448,449,450,451,452,453,454,455,456,457
143,14300,'Fête-2-01',2485,2486,2487,2488,2489,2490,2491,2492,2493,2494,2495,2496
143,14300,'Semaine-01',471,472,473,474,475,476,477,478,479,480,482,483
143,14301,'Fête-2-01',2497,2498,2499,2500,2501,2502,2503,2504,2505,2506,2507,2508,2509,2510,2511,2512,2513,2514,2515,2516,2517,2518,2519,2520
143,14301,'Semaine-01',508,509,510,511,512,513,514,515,516,517,518,519,520,521,522,523,524,525,526,527,528,529,530,531
144,14400,'Fête-1-01',2521,2522,2523,2524,2525,2526
144,14400,'Week-end-01',532,533,534,535,536,537
144,14400,'Fête-2-01',2527,2528,2529,2530,2531,2532,2533,2534,2535,2536,2537,2538,2539,2540,2541,2542,2543,2544,2545
144,14400,'Semaine-01',563,564,565,566,567,568,569,570,571,572,573,574,575,576,577,578,579,580,581
144,14401,'Fête-1-01',2546,2547,2548,2549,2550,2551,2552
144,14401,'Week-end-01',582,583,584,585,586,587,588
144,14401,'Fête-2-01',2553,2554,2555,2556,2557,2558,2559,2560,2561,2562,2563,2564,2565,2566,2567,2568,2569,2570,2571
144,14401,'Semaine-01',615,616,617,618,619,620,621,622,623,624,625,626,627,628,629,630,631,632,633
145,14500,'Fête-2-01',2572,2573,2574,2575,2576,2577,2578,2579
145,14500,'Semaine-01',642,643,644,645,646,647,648,649
145,14501,'Fête-2-01',2580,2581,2582,2583,2584,2585,2586,2587
145,14501,'Semaine-01',658,659,660,661,662,663,664,665
146,14600,'Fête-2-01',2588,2589,2590,2591,2592,2593,2594,2595,2596,2597,2598,2599,2600,2601,2602,2603,2604,2605,2606,2607,2608,2609,2610,2611,2612,2613,2614,2615,2616,2617,2618,2619
146,14600,'Semaine-01',698,699,700,701,702,703,704,705,706,707,708,709,710,711,712,713,714,715,716,717,718,719,720,721,722,723,724,725,726,727,728,729
146,14601,'Fête-2-01',2620,2621,2622,2623,2624,2625,2626,2627,2628,2629,2630,2631,2632,2633,2634,2635,2636,2637,2638,2639,2640,2641,2642,2643,2644,2645,2646,2647,2648,2649,2650
146,14601,'Semaine-01',761,762,763,764,765,766,767,768,769,770,771,772,773,774,775,776,777,778,779,780,781,782,783,784,785,786,787,788,789,790,791
147,14700,'Fête-2-01',2651,2652,2653,2654,2655,2656,2657,2658,2659,2660,2661,2662,2663,2664,2665,2666,2667,2668,2669,2670,2671,2672,2673,2674,2675,2676,2677,2678,2679,2680
147,14700,'Semaine-01',822,823,824,825,826,827,828,829,830,831,832,833,834,835,836,837,838,839,840,841,842,843,844,845,846,847,848,849,850,851
147,14701,'Fête-2-01',2681,2682,2683,2684,2685,2686,2687,2688,2689,2690,2691,2692,2693,2694,2695,2696,2697,2698,2699,2700,2701,2702,2703,2704,2705,2706,2707,2708,2709,2710,2711
147,14701,'Semaine-01',883,884,885,886,887,888,889,890,891,892,893,894,895,896,897,898,899,900,901,902,903,904,905,906,907,908,909,910,911,912,913
150,15000,'Fête-2-01',2712,2713,2714,2715,2716,2717,2718
150,15000,'Semaine-01',921,922,923,924,925,926,927
150,15001,'Fête-2-01',2719,2720,2721,2722,2723,2724
150,15001,'Semaine-01',934,935,936,937,938,939
151,15101,'Fête-2-01',2725,2726,2727,2728,2729,2730,2731,2732,2733,2734,2735,2736,2737,2738,2739,2740,2741,2742,2743,2744,2745,2746,2747,2748,2749,2750,2751,2752,2753,2754,2755,2756,2757,2758,2759,2760
151,15101,'Semaine-01',976,977,978,979,980,981,982,983,984,985,986,987,988,989,990,991,992,993,994,995,996,997,998,999,1000,1001,1002,1003,1004,1005,1006,1007,1008,1009,1010,2761
152,15201,'Fête-2-01',2762,2763,2764,2765,2766,2767,2768,2769,2770,2771,2772,2773,2774,2775,2776,2777,2778,2779,2780,2781,2782,2783,2784,2785,2786,2787,2788
152,15201,'Semaine-01',1039,1040,1041,1042,1043,1044,1045,1046,1047,1048,1049,1050,1051,1052,1053,1054,1055,1056,1057,1058,1059,1061,1062,1063,1064,1065,2789
153,15301,'Fête-2-01',2790,2791,2792,2793,2794,2795,2796,2797,2798,2799,2800,2801,2802,2803,2804,2805,2806,2807,2808,2809,2810,2811,2812,2813,2814,2815,2816,2817,2818,2819,2820,2821,2822,2823,2824,2825
153,15301,'Semaine-01',1102,1103,1104,1105,1106,1107,1108,1109,1110,1111,1112,1113,1114,1115,1116,1117,1118,1119,1120,1121,1122,1123,1124,1125,1126,1127,1128,1129,1130,1131,1132,1133,1134,1135,1136,1137
154,15400,'Fête-2-01',2826,2827,2828,2829,2830,2831,2832,2833,2834,2835,2836,2837,2838,2839,2840,2841,2842,2843,2844,2845,2846,2847,2848,2849,2850,2851,2852,2853,2854,2855,2856,2857,2858,2859
154,15400,'Semaine-01',1172,1173,1174,1175,1176,1177,1178,1179,1180,1181,1182,1183,1184,1185,1186,1187,1188,1189,1190,1191,1192,1193,1194,1195,1196,1197,1198,1199,1200,1201,1202,1203,1204,1205
155,15501,'Fête-2-01',2860,2861,2862,2863,2864,2865,2866,2867,2868,2869,2870,2871,2872,2873,2874,2875,2876,2877,2878,2879,2880,2881,2882,2883,2884,2885,2886,2887,2888,2889,2890
155,15501,'Semaine-01',1238,1239,1240,1241,1242,1243,1244,1245,1246,1247,1248,1249,1250,1251,1252,1254,1255,1256,1257,1258,1259,1260,1261,1262,1263,1264,1265,1266,1267,1268,1269
156,15601,'Fête-2-01',2891,2892,2893,2894,2895,2896,2897,2898,2899,2900,2901,2902,2903,2904,2905,2906,2907,2908,2909,2910,2911,2912,2913,2914,2915,2916,2917,2918
156,15601,'Semaine-01',1298,1299,1300,1301,1302,1303,1304,1305,1306,1307,1308,1309,1310,1311,1312,1313,1314,1315,1316,1317,1318,1319,1320,1321,1322,1323,1324,1325
157,15700,'Fête-2-01',2919,2920,2921,2922,2923,2924,2925,2926,2927,2928,2929,2930
157,15700,'Semaine-01',1338,1339,1340,1341,1342,1343,1344,1345,1346,1347,1348,1349
158,15800,'Fête-2-01',2931,2932,2933,2934,2935
158,15800,'Semaine-01',1355,1356,1357,1358,1359
158,15801,'Fête-2-01',2936,2937,2938,2939,2940
158,15801,'Semaine-01',1365,1366,1367,1368,1369
350,35000,'Fête-2-01',2941,2942,2943,2944,2945,2946,2947
350,35000,'Semaine-01',1377,1378,1379,1380,1381,1382,1383
350,35001,'Fête-2-01',2948,2949,2950,2951,2952,2953,2954,2955
350,35001,'Semaine-01',1392,1393,1394,1395,1396,1397,1398,1399
351,35100,'Fête-2-01',2956,2957,2958,2959,2960,2961
351,35100,'Semaine-01',1406,1407,1408,1409,1410,1411
351,35101,'Fête-2-01',2962,2963,2964,2965,2966,2967,2968
351,35101,'Semaine-01',1419,1420,1421,1422,1423,1424,1425
352,35200,'Fête-1-01',2969,2970,2971,2972,2973,2974,2975,2976,2977
352,35200,'Week-end-01',1426,1427,1428,1429,1430,1431,1432,1433,1434
352,35200,'Fête-2-01',2978,2979,2980,2981,2982,2983,2984,2985,2986,2987,2988,2989,2990,2991,2992
352,35200,'Semaine-01',1459,1460,1461,1462,1463,1464,1465,1466,1467,1468,1469,1470,1471,1472,1473
352,35201,'Fête-1-01',2993,2994,2995,2996,2997,2998,2999,3000
352,35201,'Week-end-01',1474,1475,1476,1477,1478,1479,1480,1481
352,35201,'Fête-2-01',3001,3002,3003,3004,3005,3006,3007,3008,3009,3010,3011,3012
352,35201,'Semaine-01',1502,1503,1504,1505,1506,1507,1508,1509,1510,1511,1512,1513
450,45000,'Fête-2-01',3013,3014,3015,3016,3017,3018,3019,3020
450,45000,'Semaine-01',3021,3022,3023,1514,1515,1516,1517,1518
450,45001,'Fête-2-01',3024,3025,3026,3027,3028,3029,3030,3031
450,45001,'Semaine-01',3032,3033,3034,1519,1520,1521,1522,1523
451,45100,'Fête-2-01',3035,3036,3037,3038,3039,3040,3041
451,45100,'Semaine-01',3042,1524,1525,1526,1527,1528,1529
451,45101,'Fête-2-01',3043,3044,3045,3046,3047,3048
451,45101,'Semaine-01',1530,1531,1532,1533,1534,1535
452,45200,'Fête-2-01',3049,3050,3051,3052,3053
452,45200,'Semaine-01',3054,1536,1537,1538,1539
452,45201,'Fête-2-01',3055,3056,3057,3058,3059,3060
452,45201,'Semaine-01',3061,3062,1540,1541,1542,1543
453,45300,'Fête-2-01',3063,3064,3065,3066,3067
453,45300,'Semaine-01',3068,1544,1545,1546,1547
453,45301,'Fête-2-01',3069,3070,3071,3072,3073
453,45301,'Semaine-01',3074,1548,1549,1550,1551
454,45400,'Fête-2-01',3075,3076,3077,3078,3079
454,45400,'Semaine-01',3080,1552,1553,1554,1555
454,45401,'Fête-2-01',3081,3082,3083,3084,3085
454,45401,'Semaine-01',3086,1556,1557,1558,1559
455,45500,'Fête-2-01',3087,3088,3089,3090,3091
455,45500,'Semaine-01',3092,1560,1561,1562,1563
455,45501,'Fête-2-01',3093,3094,3095,3096,3097
455,45501,'Semaine-01',3098,1564,1565,1566,1567
456,45600,'Fête-2-01',3099,3100,3101,3102,3103
456,45600,'Semaine-01',3104,1568,1569,1570,1571
456,45601,'Fête-2-01',3105,3106,3107,3108,3109
456,45601,'Semaine-01',3110,1572,1573,1574,1575
457,45700,'Fête-2-01',3111,3112,3113
457,45700,'Semaine-01',1578,1579,3114
457,45701,'Fête-2-01',3115,3116,3117
457,45701,'Semaine-01',1582,1583,3118
459,45900,'Fête-2-01',3119,3120,3121,3122,3123,3124,3125,3126,3127,3128,3129,3130,3131,3132
459,45900,'Semaine-01',3133,1688,1689,3134,3135,3136,3137,3138,3139,1696,1697,1698,1699,1700,3140,1702,1703,3141,3142,1706,1707,3143,3144,1710,1711,3145,3146,1714
459,45901,'Fête-2-01',3147,3148,3149,3150,3151,3152,3153,3154,3155,3156,3157,3158,3159,3160,3161
459,45901,'Semaine-01',1730,3162,1732,1733,3163,3164,1736,1737,3165,3166,1740,1741,1742,1743,3167,3168,3169,1747,1748,3170,3171,1751,1752,3172,3173,1755,1756,3174
550,55000,'Fête-2-01',3175,3176,3177,3178,3179,3180
550,55000,'Semaine-01',3181,3182,3183,3184,3185,1766,1767,1768,1769,1770,1771
550,55001,'Fête-2-01',3186,3187,3188,3189,3190
550,55001,'Semaine-01',3191,3192,3193,3194,3195,3196,1777,1778,1779,1780,1781
551,55100,'Fête-2-01',3197,3198,3199,3200,3201,3202
551,55100,'Semaine-01',3203,3204,3205,3206,3207,1790,1791,1792,1793,1794,1795
551,55101,'Fête-2-01',3208,3209,3210,3211,3212
551,55101,'Semaine-01',3213,3214,3215,3216,3217,3218,1801,1802,1803,1804,1805
552,55200,'Fête-2-01',3219,3220,3221,3222,3223
552,55200,'Semaine-01',1806,1807,1808,1809,1810
552,55201,'Fête-2-01',3224,3225,3226,3227,3228
552,55201,'Semaine-01',1811,1812,1813,1814,1815
553,55300,'Fête-2-01',3229,3230,3231,3232,3233,3234,3235
553,55300,'Semaine-01',3236,3237,3238,1816,1818,1819,1820
553,55301,'Fête-2-01',3239,3240,3241,3242,3243,3244,3245
553,55301,'Semaine-01',3246,3247,3248,1822,1823,1824,1825
554,55400,'Fête-2-01',3249,3250,3251,3252,3253,3254,3255,3256,3257,3258,3259,3260,3261,3262,3263,3264,3265
554,55400,'Semaine-01',1839,1840,1841,3266,1843,3267,1845,3268,1847,3269,1849,1850,1851,1852,1853,3270,1855,3271,1857,3272,1859,3273,1861,3274,1863,1864
554,55401,'Fête-2-01',3275,3276,3277,3278,3279,3280,3281,3282,3283,3284,3285,3286,3287,3288,3289,3290,3291,3292
554,55401,'Semaine-01',1880,1881,1882,1883,3293,1885,3294,1887,3295,1889,3296,1891,1892,1893,1894,3297,1896,3298,1898,3299,1900,3300,1902,3301,1904,3302,1906,1907
555,55500,'Fête-2-01',3303,3304,3305,3306,3307
555,55500,'Semaine-01',1915,3308,3309,3310,3311,3312,3313,3314,1919,1920,1921,1922,1923
555,55501,'Fête-2-01',3315,3316,3317,3318,3319
555,55501,'Semaine-01',1930,3320,3321,3322,3323,3324,3325,3326,1932,1933,1934,1935
556,55600,'Fête-2-01',3327,3328,3329,3330,3331,3332,3333
556,55600,'Semaine-01',3334,3335,3336,3337,3338,1949,3339,3340,1952,1953,3341,1955,1956,1957,1958,1959
