15000,'Fête-2-01',1608,,2716,10,,,0,18,,2717,10,,,0,21,,2718,10,,,0,71,,2715,10,,,0,31,,2714,10,,,0,78,,2712,10,,,0,25,,2713,10,,,0
15000,'Semaine-01',1608,,925,10,,,0,18,,926,10,,,0,21,,927,10,,,0,71,,924,10,,,0,31,,923,10,,,0,78,,921,10,,,0,25,,922,10,,,0
15001,'Fête-2-01',559,,2720,200,4,,0,83,,2721,200,4,,0,58,,2724,200,4,,0,33,,2723,200,4,,0,71,,2722,200,4,,0,25,,2719,200,4,,0
15001,'Semaine-01',559,,935,200,4,,0,83,,936,200,4,,0,58,,939,200,4,,0,33,,938,200,4,,0,71,,937,200,4,,0,25,,934,200,4,,0
15501,'Fête-2-01',444,,2874,10,0,5,0,84,,2875,180,,,0,31,,2860,180,,,0,82,,2861,180,,,0,61,,2862,180,,,0,30,,2863,180,,,0,73,,2864,180,,,0,24,,2865,180,,,0,26,,2866,180,,,0,86,,2877,180,,,0,100,,2882,180,,,0,100,,2879,180,,,0,100,,2884,180,,,0,100,,2880,180,,,0,100,,2883,180,,,0,101,,2881,180,,,0,70,,2867,180,,,0,14,,2868,180,,,0,22,,2869,180,,,0,71,,2870,180,,,0,31,,2871,180,,,0,53,,2876,180,,,0,25,,2872,180,,,0,25,,2873,180,,,0,81,,2878,180,,,0,105,,2887,180,,,0,92,,2890,180,,,0,100,,2888,180,,,0,100,,2885,180,,,0,100,,2889,180,,,0,198,,2886,180,,,0
15501,'Semaine-01',444,,1252,10,0,5,0,84,,1254,180,,,0,31,,1238,180,,,0,82,,1239,180,,,0,61,,1240,180,,,0,30,,1241,180,,,0,73,,1242,180,,,0,24,,1243,180,,,0,26,,1244,180,,,0,86,,1256,180,,,0,100,,1261,180,,,0,100,,1258,180,,,0,100,,1263,180,,,0,100,,1259,180,,,0,100,,1262,180,,,0,101,,1260,180,,,0,70,,1245,180,,,0,14,,1246,180,,,0,22,,1247,180,,,0,71,,1248,180,,,0,31,,1249,180,,,0,53,,1255,180,,,0,25,,1250,180,,,0,25,,1251,180,,,0,81,,1257,180,,,0,105,,1266,180,,,0,92,,1269,180,,,0,100,,1267,180,,,0,100,,1264,180,,,0,100,,1268,180,,,0,198,,1265,180,,,0
15601,'Fête-2-01',608,,2891,250,,,0,34,,2892,250,,,0,60,,2893,250,,,0,30,,2894,250,,,0,72,,2895,260,,,0,25,,2896,260,,,0,26,,2897,260,,,0,76,,2909,260,,,0,87,,2905,260,,,0,110,,2910,260,,,0,90,,2911,260,,,0,100,,2912,260,,,0,101,,2913,260,,,0,103,,2914,260,,,0,87,,2898,260,,,0,17,,2899,260,,,0,24,,2900,260,,,0,71,,2901,260,,,0,29,,2902,260,,,0,77,,2903,260,,,0,26,,2904,260,,,0,71,,2906,260,,,0,97,,2908,260,,,0,97,,2918,260,,,0,100,,2917,260,,,0,96,,2907,250,,,0,100,,2915,250,,,0,128,,2916,250,,,0
15601,'Semaine-01',608,,1298,250,,,0,34,,1299,250,,,0,60,,1300,250,,,0,30,,1301,250,,,0,72,,1302,260,,,0,25,,1303,260,,,0,26,,1304,260,,,0,76,,1316,260,,,0,87,,1312,260,,,0,110,,1317,260,,,0,90,,1318,260,,,0,100,,1319,260,,,0,101,,1320,260,,,0,103,,1321,260,,,0,87,,1305,260,,,0,17,,1306,260,,,0,24,,1307,260,,,0,71,,1308,260,,,0,29,,1309,260,,,0,77,,1310,260,,,0,26,,1311,260,,,0,71,,1313,260,,,0,97,,1315,260,,,0,97,,1325,260,,,0,100,,1324,260,,,0,96,,1314,250,,,0,100,,1322,250,,,0,128,,1323,250,,,0
55200,'Fête-2-01',557,,3223,10,,,0,70,,3222,10,,,0,30,,3221,10,,,0,70,,3219,10,,,0,30,,3220,10,,,0
55200,'Semaine-01',557,,1810,10,,,0,70,,1809,10,,,0,30,,1808,10,,,0,70,,1806,10,,,0,30,,1807,10,,,0
55201,'Fête-2-01',1640,,3225,220,4,,0,74,,3224,220,4,,0,30,,3227,220,4,,0,74,,3228,220,4,,0,30,,3226,220,4,,0
55201,'Semaine-01',1640,,1812,220,4,,0,74,,1811,220,4,,0,30,,1814,220,4,,0,74,,1815,220,4,,0,30,,1813,220,4,,0
