14100,'Fête-1-01',606,,2372,120,,,0,121,,2373,10,,,0,83,,2374,210,,,0,40,,2375,210,,,0,79,,2376,210,,,0,80,,2377,210,,,0,40,,2378,210,,,0,80,,2379,210,,,0,80,,2380,210,,,0,39,,2381,210,,,0,80,,2371,210,,,0,79,,2382,210,,,0,38,,2383,210,,,0,78,,2384,210,,,0,78,,2385,210,,,0,38,,2386,210,,,0,81,,2387,210,,,0,39,,2388,210,,,0,79,,2389,210,,,0,94,,2390,210,,,0,15,,2391,210,,,0,88,,2392,210,,,0,12,,2393,210,,,0,85,,2394,210,,,0,15,,2396,210,,,0,85,,2395,210,,,0,15,,2399,210,,,0,85,,2397,210,,,0,100,,2398,210,,,0,100,,2400,210,,,0
14100,'Week-end-01',606,,229,120,,,0,121,,230,10,,,0,83,,231,210,,,0,40,,232,210,,,0,79,,233,210,,,0,80,,234,210,,,0,40,,235,210,,,0,80,,236,210,,,0,80,,237,210,,,0,39,,238,210,,,0,80,,228,210,,,0,79,,239,210,,,0,38,,240,210,,,0,78,,241,210,,,0,78,,242,210,,,0,38,,243,210,,,0,81,,244,210,,,0,39,,245,210,,,0,79,,246,210,,,0,94,,247,210,,,0,15,,248,210,,,0,88,,249,210,,,0,12,,250,210,,,0,85,,251,210,,,0,15,,253,210,,,0,85,,252,210,,,0,15,,256,210,,,0,85,,254,210,,,0,100,,255,210,,,0,100,,257,210,,,0
14100,'Fête-2-01',518,,2448,210,,,0,28,,2401,210,,,0,57,,2402,210,,,0,11,,2403,210,,,0,21,,2404,210,,,0,14,,2405,210,,,0,55,,2406,210,,,0,15,,2407,210,,,0,14,,2408,210,,,0,17,,2409,210,,,0,55,,2410,210,,,0,13,,2411,210,,,0,16,,2412,210,,,0,14,,2413,210,,,0,56,,2414,210,,,0,45,,2415,210,,,0,80,,2416,210,,,0,80,,2417,210,,,0,40,,2418,210,,,0,87,,2419,210,,,0,80,,2420,210,,,0,40,,2421,210,,,0,80,,2422,210,,,0,80,,2423,210,,,0,84,,2424,210,,,0,15,,2425,210,,,0,15,,2426,210,,,0,17,,2427,210,,,0,57,,2428,210,,,0,10,,2429,210,,,0,20,,2430,210,,,0,18,,2431,210,,,0,61,,2432,210,,,0,5,,2433,210,,,0,21,,2434,210,,,0,14,,2435,210,,,0,70,,2436,210,,,0,29,,2437,210,,,0,60,,2440,210,,,0,25,,2441,210,,,0,70,,2442,210,,,0,30,,2443,210,,,0,70,,2444,210,,,0,30,,2445,210,,,0,70,,2446,210,,,0,100,,2447,210,,,0,98,,2438,210,,,0,100,,2439,210,,,0
14100,'Semaine-01',518,,383,210,,,0,28,,336,210,,,0,57,,337,210,,,0,11,,338,210,,,0,21,,339,210,,,0,14,,340,210,,,0,55,,341,210,,,0,15,,342,210,,,0,14,,343,210,,,0,17,,344,210,,,0,55,,345,210,,,0,13,,346,210,,,0,16,,347,210,,,0,14,,348,210,,,0,56,,349,210,,,0,45,,350,210,,,0,80,,351,210,,,0,80,,352,210,,,0,40,,353,210,,,0,87,,354,210,,,0,80,,355,210,,,0,40,,356,210,,,0,80,,357,210,,,0,80,,358,210,,,0,84,,359,210,,,0,15,,360,210,,,0,15,,361,210,,,0,17,,362,210,,,0,57,,363,210,,,0,10,,364,210,,,0,20,,365,210,,,0,18,,366,210,,,0,61,,367,210,,,0,5,,368,210,,,0,21,,369,210,,,0,14,,370,210,,,0,70,,371,210,,,0,29,,372,210,,,0,60,,375,210,,,0,25,,376,210,,,0,70,,377,210,,,0,30,,378,210,,,0,70,,379,210,,,0,30,,380,210,,,0,70,,381,210,,,0,100,,382,210,,,0,98,,373,210,,,0,100,,374,210,,,0
14400,'Fête-1-01',822,,2521,90,,,0,200,,2522,90,,,0,200,,2523,90,,,0,221,,2524,90,,,0,201,,2525,90,,,0,199,,2526,90,,,0
14400,'Week-end-01',822,,532,90,,,0,200,,533,90,,,0,200,,534,90,,,0,221,,535,90,,,0,201,,536,90,,,0,199,,537,90,,,0
14400,'Fête-2-01',527,,2530,90,,,0,32,,2542,90,,,0,86,,2543,90,,,0,78,,2544,90,,,0,84,,2545,90,,,0,36,,2540,90,,,0,100,,2535,90,,,0,160,,2536,90,,,0,120,,2537,90,,,0,122,,2538,90,,,0,160,,2539,90,,,0,118,,2527,90,,,0,77,,2531,90,,,0,42,,2528,90,,,0,76,,2529,90,,,0,85,,2541,90,,,0,35,,2534,90,,,0,120,,2533,90,,,0,160,,2532,90,,,0
14400,'Semaine-01',527,,566,90,,,0,32,,578,90,,,0,86,,579,90,,,0,78,,580,90,,,0,84,,581,90,,,0,36,,576,90,,,0,100,,571,90,,,0,160,,572,90,,,0,120,,573,90,,,0,122,,574,90,,,0,160,,575,90,,,0,118,,563,90,,,0,77,,567,90,,,0,42,,564,90,,,0,76,,565,90,,,0,85,,577,90,,,0,35,,570,90,,,0,120,,569,90,,,0,160,,568,90,,,0
45000,'Fête-2-01',615,,3020,130,,,0,20,,3018,130,,,0,20,,3013,130,,,0,60,,3017,130,,,0,20,,3016,130,,,0,20,,3014,130,,,0,60,,3019,130,,,0,20,,3015,130,,,0
45000,'Semaine-01',615,,1518,130,,,0,20,,1516,130,,,0,20,,3021,130,,,0,60,,1515,130,,,0,20,,1514,130,,,0,20,,3022,130,,,0,60,,1517,130,,,0,20,,3023,130,,,0
