13401,'Fête-1-01',727,,2273,20,,,0,202,,2274,20,,,0,197,,2277,20,,,0,198,,2279,20,,,0,201,,2276,20,,,0,199,,2278,20,,,0,183,,2275,20,,,0
13401,'Week-end-01',727,,35,20,,,0,202,,36,20,,,0,197,,39,20,,,0,198,,41,20,,,0,201,,38,20,,,0,199,,40,20,,,0,183,,37,20,,,0
13401,'Fête-2-01',1317,,2287,20,,,0,233,,2281,20,,,0,65,,2280,20,,,0,22,,2289,20,,,0,20,,2282,20,,,0,60,,2283,20,,,0,20,,2286,20,,,0,20,,2284,20,,,0,58,,2285,20,,,0,38,,2288,20,,,0
13401,'Semaine-01',1317,,66,20,,,0,233,,60,20,,,0,65,,59,20,,,0,22,,68,20,,,0,20,,61,20,,,0,60,,62,20,,,0,20,,65,20,,,0,20,,63,20,,,0,58,,64,20,,,0,38,,67,20,,,0
14301,'Fête-2-01',917,,2519,20,,,0,100,,2508,20,,,0,100,,2509,20,,,0,100,,2510,20,,,0,100,,2511,20,,,0,100,,2512,20,,,0,40,,2513,20,,,0,83,,2520,20,,,0,67,,2497,20,,,0,20,,2498,20,,,0,20,,2499,20,,,0,60,,2500,20,,,0,20,,2501,20,,,0,20,,2502,20,,,0,60,,2503,20,,,0,24,,2504,20,,,0,78,,2505,20,,,0,30,,2517,20,,,0,75,,2518,20,,,0,94,,2514,20,,,0,100,,2506,20,,,0,100,,2515,20,,,0,100,,2507,20,,,0,196,,2516,20,,,0
14301,'Semaine-01',917,,530,20,,,0,100,,519,20,,,0,100,,520,20,,,0,100,,521,20,,,0,100,,522,20,,,0,100,,523,20,,,0,40,,524,20,,,0,83,,531,20,,,0,67,,508,20,,,0,20,,509,20,,,0,20,,510,20,,,0,60,,511,20,,,0,20,,512,20,,,0,20,,513,20,,,0,60,,514,20,,,0,24,,515,20,,,0,78,,516,20,,,0,30,,528,20,,,0,75,,529,20,,,0,94,,525,20,,,0,100,,517,20,,,0,100,,526,20,,,0,100,,518,20,,,0,196,,527,20,,,0
14601,'Fête-2-01',533,,2620,20,,,0,82,,2621,20,,,0,17,,2622,20,,,0,71,,2623,20,,,0,34,,2624,20,,,0,66,,2625,20,,,0,20,,2626,20,,,0,19,,2637,20,,,0,95,,2638,20,,,0,102,,2639,20,,,0,100,,2640,20,,,0,100,,2641,20,,,0,100,,2642,20,,,0,100,,2643,20,,,0,98,,2627,20,,,0,66,,2628,20,,,0,20,,2629,20,,,0,20,,2634,20,,,0,64,,2630,20,,,0,20,,2635,20,,,0,20,,2631,20,,,0,69,,2636,20,,,0,15,,2632,20,,,0,78,,2633,20,,,0,30,,2644,20,,,0,62,,2645,20,,,0,107,,2646,20,,,0,100,,2647,20,,,0,100,,2648,20,,,0,100,,2649,20,,,0,98,,2650,20,,,0
14601,'Semaine-01',533,,761,20,,,0,82,,762,20,,,0,17,,763,20,,,0,71,,764,20,,,0,34,,765,20,,,0,66,,766,20,,,0,20,,767,20,,,0,19,,778,20,,,0,95,,779,20,,,0,102,,780,20,,,0,100,,781,20,,,0,100,,782,20,,,0,100,,783,20,,,0,100,,784,20,,,0,98,,768,20,,,0,66,,769,20,,,0,20,,770,20,,,0,20,,775,20,,,0,64,,771,20,,,0,20,,776,20,,,0,20,,772,20,,,0,69,,777,20,,,0,15,,773,20,,,0,78,,774,20,,,0,30,,785,20,,,0,62,,786,20,,,0,107,,787,20,,,0,100,,788,20,,,0,100,,789,20,,,0,100,,790,20,,,0,98,,791,20,,,0
14701,'Fête-2-01',536,,2682,20,,,0,82,,2683,20,,,0,20,,2684,20,,,0,71,,2685,20,,,0,16,,2681,20,,,0,15,,2686,20,,,0,66,,2687,20,,,0,25,,2688,20,,,0,84,,2699,20,,,0,100,,2700,20,,,0,100,,2701,20,,,0,100,,2702,20,,,0,102,,2703,20,,,0,100,,2704,20,,,0,100,,2705,20,,,0,33,,2689,20,,,0,67,,2690,20,,,0,25,,2691,20,,,0,17,,2696,20,,,0,61,,2692,20,,,0,25,,2697,20,,,0,11,,2693,20,,,0,61,,2698,20,,,0,34,,2694,20,,,0,73,,2695,20,,,0,30,,2706,20,,,0,84,,2707,20,,,0,100,,2708,20,,,0,100,,2709,20,,,0,100,,2710,20,,,0,266,,2711,20,,,0
14701,'Semaine-01',536,,884,20,,,0,82,,885,20,,,0,20,,886,20,,,0,71,,887,20,,,0,16,,883,20,,,0,15,,888,20,,,0,66,,889,20,,,0,25,,890,20,,,0,84,,901,20,,,0,100,,902,20,,,0,100,,903,20,,,0,100,,904,20,,,0,102,,905,20,,,0,100,,906,20,,,0,100,,907,20,,,0,33,,891,20,,,0,67,,892,20,,,0,25,,893,20,,,0,17,,898,20,,,0,61,,894,20,,,0,25,,899,20,,,0,11,,895,20,,,0,61,,900,20,,,0,34,,896,20,,,0,73,,897,20,,,0,30,,908,20,,,0,84,,909,20,,,0,100,,910,20,,,0,100,,911,20,,,0,100,,912,20,,,0,266,,913,20,,,0
45400,'Fête-2-01',610,,3078,10,,,0,30,,3079,10,,,0,70,,3076,10,,,0,30,,3077,10,,,0,70,,3075,10,,,0
45400,'Semaine-01',610,,1554,10,,,0,30,,1555,10,,,0,70,,1552,10,,,0,30,,1553,10,,,0,70,,3080,10,,,0
