13400,'Fête-1-01',710,,2256,270,,,0,208,,2262,270,,,0,199,,2257,270,,,0,200,,2259,270,,,0,288,,2258,270,,,0,199,,2261,270,,,0,143,,2260,270,,,0
13400,'Week-end-01',710,,1,270,,,0,208,,7,270,,,0,199,,2,270,,,0,200,,4,270,,,0,288,,3,270,,,0,199,,6,270,,,0,143,,5,270,,,0
13400,'Fête-2-01',546,,2264,270,,,0,80,,2265,270,,,0,20,,2266,270,,,0,60,,2267,270,,,0,20,,2268,270,,,0,20,,2269,270,,,0,60,,2270,270,,,0,22,,2271,270,,,0,30,,2272,270,,,0,195,,2263,270,,,0
13400,'Semaine-01',546,,26,270,,,0,80,,27,270,,,0,20,,28,270,,,0,60,,29,270,,,0,20,,30,270,,,0,20,,31,270,,,0,60,,32,270,,,0,22,,33,270,,,0,30,,34,270,,,0,195,,25,270,,,0
14300,'Fête-2-01',518,,2496,80,,,0,28,,2495,210,,,0,60,,2485,210,,,0,20,,2486,210,,,0,20,,2487,210,,,0,60,,2488,210,,,0,20,,2489,210,,,0,20,,2490,210,,,0,60,,2491,210,,,0,19,,2492,210,,,0,18,,2493,210,,,0,60,,2494,210,,,0
14300,'Semaine-01',518,,483,80,,,0,28,,482,210,,,0,60,,471,210,,,0,20,,472,210,,,0,20,,473,210,,,0,60,,474,210,,,0,20,,475,210,,,0,20,,476,210,,,0,60,,477,210,,,0,19,,478,210,,,0,18,,479,210,,,0,60,,480,210,,,0
14600,'Fête-2-01',528,,2619,240,,,0,80,,2590,240,,,0,18,,2592,240,,,0,24,,2593,240,,,0,60,,2594,240,,,0,16,,2591,240,,,0,20,,2595,240,,,0,70,,2596,240,,,0,22,,2588,240,,,0,71,,2589,240,,,0,22,,2605,290,,,0,102,,2606,290,,,0,100,,2607,290,,,0,100,,2608,290,,,0,100,,2609,290,,,0,100,,2610,290,,,0,98,,2611,290,,,0,86,,2618,290,,,0,21,,2597,240,,,0,64,,2598,240,,,0,16,,2599,240,,,0,22,,2604,290,,,0,9,,2600,240,,,0,75,,2601,290,,,0,33,,2602,240,,,0,65,,2603,240,,,0,29,,2612,290,,,0,102,,2613,290,,,0,100,,2614,290,,,0,105,,2615,240,,,0,100,,2616,240,,,0,98,,2617,240,,,0
14600,'Semaine-01',528,,729,240,,,0,80,,700,240,,,0,18,,702,240,,,0,24,,703,240,,,0,60,,704,240,,,0,16,,701,240,,,0,20,,705,240,,,0,70,,706,240,,,0,22,,698,240,,,0,71,,699,240,,,0,22,,715,290,,,0,102,,716,290,,,0,100,,717,290,,,0,100,,718,290,,,0,100,,719,290,,,0,100,,720,290,,,0,98,,721,290,,,0,86,,728,290,,,0,21,,707,240,,,0,64,,708,240,,,0,16,,709,240,,,0,22,,714,290,,,0,9,,710,240,,,0,75,,711,290,,,0,33,,712,240,,,0,65,,713,240,,,0,29,,722,290,,,0,102,,723,290,,,0,100,,724,290,,,0,105,,725,240,,,0,100,,726,240,,,0,98,,727,240,,,0
14700,'Fête-2-01',523,,2680,150,,,0,85,,2651,150,,,0,25,,2652,150,,,0,23,,2653,150,,,0,60,,2678,150,,,0,21,,2654,150,,,0,21,,2655,150,,,0,63,,2656,150,,,0,89,,2657,150,,,0,43,,2666,200,,,0,100,,2667,200,,,0,100,,2668,200,,,0,100,,2669,200,,,0,102,,2670,200,,,0,100,,2671,200,,,0,153,,2679,200,,,0,27,,2658,150,,,0,19,,2659,150,,,0,61,,2660,150,,,0,33,,2661,150,,,0,59,,2665,200,,,0,9,,2662,150,,,0,43,,2663,200,,,0,60,,2664,150,,,0,102,,2672,200,,,0,102,,2673,200,,,0,101,,2674,200,,,0,100,,2675,150,,,0,94,,2676,150,,,0,138,,2677,150,,,0
14700,'Semaine-01',523,,851,150,,,0,85,,822,150,,,0,25,,823,150,,,0,23,,824,150,,,0,60,,849,150,,,0,21,,825,150,,,0,21,,826,150,,,0,63,,827,150,,,0,89,,828,150,,,0,43,,837,200,,,0,100,,838,200,,,0,100,,839,200,,,0,100,,840,200,,,0,102,,841,200,,,0,100,,842,200,,,0,153,,850,200,,,0,27,,829,150,,,0,19,,830,150,,,0,61,,831,150,,,0,33,,832,150,,,0,59,,836,200,,,0,9,,833,150,,,0,43,,834,200,,,0,60,,835,150,,,0,102,,843,200,,,0,102,,844,200,,,0,101,,845,200,,,0,100,,846,150,,,0,94,,847,150,,,0,138,,848,150,,,0
45401,'Fête-2-01',1640,,3085,120,4,,0,70,,3082,120,4,,0,30,,3081,120,4,,0,70,,3084,120,4,,0,30,,3083,120,4,,0
45401,'Semaine-01',1640,,1559,120,4,,0,70,,1556,120,4,,0,30,,3086,120,4,,0,70,,1558,120,4,,0,30,,1557,120,4,,0
