14001,'Fête-1-01',655,,2304,300,,,0,80,,2305,300,,,0,80,,2306,300,,,0,40,,2307,300,,,0,80,,2308,300,,,0,80,,2309,300,,,0,40,,2310,300,,,0,80,,2311,300,,,0,80,,2312,300,,,0,40,,2313,300,,,0,77,,2314,300,,,0,77,,2315,300,,,0,37,,2316,300,,,0,77,,2317,300,,,0,79,,2318,300,,,0,39,,2319,300,,,0,81,,2320,300,,,0,79,,2321,300,,,0,40,,2322,300,,,0
14001,'Week-end-01',655,,97,300,,,0,80,,98,300,,,0,80,,99,300,,,0,40,,100,300,,,0,80,,101,300,,,0,80,,102,300,,,0,40,,103,300,,,0,80,,104,300,,,0,80,,105,300,,,0,40,,106,300,,,0,77,,107,300,,,0,77,,108,300,,,0,37,,109,300,,,0,77,,110,300,,,0,79,,111,300,,,0,39,,112,300,,,0,81,,113,300,,,0,79,,114,300,,,0,40,,115,300,,,0
14001,'Fête-2-01',522,,2369,300,,,0,81,,2323,300,,,0,16,,2324,300,,,0,15,,2325,300,,,0,15,,2326,300,,,0,55,,2327,300,,,0,15,,2328,300,,,0,16,,2329,300,,,0,14,,2330,300,,,0,56,,2331,300,,,0,15,,2332,300,,,0,15,,2333,300,,,0,13,,2334,300,,,0,52,,2368,140,,,0,5,,2335,300,,,0,31,,2336,300,,,0,79,,2337,300,,,0,40,,2338,300,,,0,80,,2339,300,,,0,81,,2340,300,,,0,86,,2341,300,,,0,40,,2342,300,,,0,80,,2343,300,,,0,80,,2344,300,,,0,43,,2345,300,,,0,64,,2346,300,,,0,15,,2347,300,,,0,15,,2348,300,,,0,15,,2349,300,,,0,57,,2350,300,,,0,20,,2351,300,,,0,20,,2352,300,,,0,54,,2353,300,,,0,12,,2354,300,,,0,18,,2355,300,,,0,14,,2356,300,,,0,51,,2357,300,,,0,17,,2358,300,,,0,25,,2359,300,,,0,77,,2360,300,,,0,24,,2361,300,,,0,70,,2362,300,,,0,30,,2363,300,,,0,70,,2364,300,,,0,100,,2365,300,,,0,100,,2366,300,,,0,98,,2367,300,,,0
14001,'Semaine-01',522,,227,300,,,0,81,,181,300,,,0,16,,182,300,,,0,15,,183,300,,,0,15,,184,300,,,0,55,,185,300,,,0,15,,186,300,,,0,16,,187,300,,,0,14,,188,300,,,0,56,,189,300,,,0,15,,190,300,,,0,15,,191,300,,,0,13,,192,300,,,0,52,,2370,140,,,0,5,,193,300,,,0,31,,194,300,,,0,79,,195,300,,,0,40,,196,300,,,0,80,,197,300,,,0,81,,198,300,,,0,86,,199,300,,,0,40,,200,300,,,0,80,,201,300,,,0,80,,202,300,,,0,43,,203,300,,,0,64,,204,300,,,0,15,,205,300,,,0,15,,206,300,,,0,15,,207,300,,,0,57,,208,300,,,0,20,,209,300,,,0,20,,210,300,,,0,54,,211,300,,,0,12,,212,300,,,0,18,,213,300,,,0,14,,214,300,,,0,51,,215,300,,,0,17,,216,300,,,0,25,,217,300,,,0,77,,218,300,,,0,24,,219,300,,,0,70,,220,300,,,0,30,,221,300,,,0,70,,222,300,,,0,100,,223,300,,,0,100,,224,300,,,0,98,,225,300,,,0
14401,'Fête-1-01',842,,2547,90,,,0,200,,2548,90,,,0,200,,2546,90,,,0,187,,2549,90,,,0,201,,2550,90,,,0,199,,2551,90,,,0,200,,2552,90,,,0
14401,'Week-end-01',842,,583,90,,,0,200,,584,90,,,0,200,,582,90,,,0,187,,585,90,,,0,201,,586,90,,,0,199,,587,90,,,0,200,,588,90,,,0
14401,'Fête-2-01',544,,2553,90,,,0,72,,2564,90,,,0,92,,2565,90,,,0,44,,2566,90,,,0,77,,2567,90,,,0,99,,2556,90,,,0,120,,2557,90,,,0,160,,2558,90,,,0,122,,2559,90,,,0,120,,2560,90,,,0,158,,2561,90,,,0,34,,2568,90,,,0,85,,2569,90,,,0,76,,2570,90,,,0,45,,2571,90,,,0,75,,2562,90,,,0,120,,2563,90,,,0,160,,2554,90,,,0,120,,2555,90,,,0
14401,'Semaine-01',544,,615,90,,,0,72,,626,90,,,0,92,,627,90,,,0,44,,628,90,,,0,77,,629,90,,,0,99,,618,90,,,0,120,,619,90,,,0,160,,620,90,,,0,122,,621,90,,,0,120,,622,90,,,0,158,,623,90,,,0,34,,630,90,,,0,85,,631,90,,,0,76,,632,90,,,0,45,,633,90,,,0,75,,624,90,,,0,120,,625,90,,,0,160,,616,90,,,0,120,,617,90,,,0
45001,'Fête-2-01',1614,,3028,40,,,0,20,,3031,40,,,0,20,,3024,40,,,0,60,,3029,40,,,0,20,,3030,40,,,0,20,,3025,40,,,0,60,,3027,40,,,0,20,,3026,40,,,0
45001,'Semaine-01',1614,,1520,40,,,0,20,,1523,40,,,0,20,,3032,40,,,0,60,,1521,40,,,0,20,,1522,40,,,0,20,,3033,40,,,0,60,,1519,40,,,0,20,,3034,40,,,0
