14100,'Fête-1-01',605,,2372,110,,,0,204,,2374,200,,,0,40,,2375,200,,,0,79,,2376,200,,,0,80,,2377,200,,,0,40,,2378,200,,,0,80,,2379,200,,,0,80,,2380,200,,,0,39,,2381,200,,,0,80,,2371,200,,,0,79,,2382,200,,,0,38,,2383,200,,,0,78,,2384,200,,,0,78,,2385,200,,,0,38,,2386,200,,,0,81,,2387,200,,,0,39,,2388,200,,,0,79,,2389,200,,,0,94,,2390,200,,,0,15,,2391,200,,,0,88,,2392,200,,,0,12,,2393,200,,,0,85,,2394,200,,,0,15,,2396,200,,,0,85,,2395,200,,,0,15,,2399,200,,,0,85,,2397,200,,,0,100,,2398,200,,,0,100,,2400,200,,,0
14100,'Week-end-01',605,,229,110,,,0,204,,231,200,,,0,40,,232,200,,,0,79,,233,200,,,0,80,,234,200,,,0,40,,235,200,,,0,80,,236,200,,,0,80,,237,200,,,0,39,,238,200,,,0,80,,228,200,,,0,79,,239,200,,,0,38,,240,200,,,0,78,,241,200,,,0,78,,242,200,,,0,38,,243,200,,,0,81,,244,200,,,0,39,,245,200,,,0,79,,246,200,,,0,94,,247,200,,,0,15,,248,200,,,0,88,,249,200,,,0,12,,250,200,,,0,85,,251,200,,,0,15,,253,200,,,0,85,,252,200,,,0,15,,256,200,,,0,85,,254,200,,,0,100,,255,200,,,0,100,,257,200,,,0
14100,'Fête-2-01',517,,2448,200,,,0,28,,2401,200,,,0,57,,2402,200,,,0,11,,2403,200,,,0,21,,2404,200,,,0,14,,2405,200,,,0,55,,2406,200,,,0,15,,2407,200,,,0,14,,2408,200,,,0,17,,2409,200,,,0,55,,2410,200,,,0,13,,2411,200,,,0,16,,2412,200,,,0,14,,2413,200,,,0,56,,2414,200,,,0,45,,2415,200,,,0,80,,2416,200,,,0,80,,2417,200,,,0,40,,2418,200,,,0,87,,2419,200,,,0,80,,2420,200,,,0,40,,2421,200,,,0,80,,2422,200,,,0,80,,2423,200,,,0,44,,2424,200,,,0,55,,2425,200,,,0,15,,2426,200,,,0,17,,2427,200,,,0,57,,2428,200,,,0,10,,2429,200,,,0,20,,2430,200,,,0,18,,2431,200,,,0,61,,2432,200,,,0,5,,2433,200,,,0,21,,2434,200,,,0,14,,2435,200,,,0,70,,2436,200,,,0,29,,2437,200,,,0,60,,2440,200,,,0,25,,2441,200,,,0,70,,2442,200,,,0,30,,2443,200,,,0,70,,2444,200,,,0,30,,2445,200,,,0,70,,2446,200,,,0,100,,2447,200,,,0,98,,2438,200,,,0,100,,2439,200,,,0
14100,'Semaine-01',517,,383,200,,,0,28,,336,200,,,0,57,,337,200,,,0,11,,338,200,,,0,21,,339,200,,,0,14,,340,200,,,0,55,,341,200,,,0,15,,342,200,,,0,14,,343,200,,,0,17,,344,200,,,0,55,,345,200,,,0,13,,346,200,,,0,16,,347,200,,,0,14,,348,200,,,0,56,,349,200,,,0,45,,350,200,,,0,80,,351,200,,,0,80,,352,200,,,0,40,,353,200,,,0,87,,354,200,,,0,80,,355,200,,,0,40,,356,200,,,0,80,,357,200,,,0,80,,358,200,,,0,44,,359,200,,,0,55,,360,200,,,0,15,,361,200,,,0,17,,362,200,,,0,57,,363,200,,,0,10,,364,200,,,0,20,,365,200,,,0,18,,366,200,,,0,61,,367,200,,,0,5,,368,200,,,0,21,,369,200,,,0,14,,370,200,,,0,70,,371,200,,,0,29,,372,200,,,0,60,,375,200,,,0,25,,376,200,,,0,70,,377,200,,,0,30,,378,200,,,0,70,,379,200,,,0,30,,380,200,,,0,70,,381,200,,,0,100,,382,200,,,0,98,,373,200,,,0,100,,374,200,,,0
14400,'Fête-1-01',821,,2521,80,,,0,200,,2522,80,,,0,200,,2523,80,,,0,221,,2524,80,,,0,201,,2525,80,,,0,199,,2526,80,,,0
14400,'Week-end-01',821,,532,80,,,0,200,,533,80,,,0,200,,534,80,,,0,221,,535,80,,,0,201,,536,80,,,0,199,,537,80,,,0
14400,'Fête-2-01',526,,2530,80,,,0,32,,2542,80,,,0,86,,2543,80,,,0,78,,2544,80,,,0,84,,2545,80,,,0,36,,2540,80,,,0,100,,2535,80,,,0,160,,2536,80,,,0,120,,2537,80,,,0,122,,2538,80,,,0,160,,2539,80,,,0,118,,2527,80,,,0,37,,2531,80,,,0,82,,2528,80,,,0,76,,2529,80,,,0,85,,2541,80,,,0,35,,2534,80,,,0,120,,2533,80,,,0,160,,2532,80,,,0
14400,'Semaine-01',526,,566,80,,,0,32,,578,80,,,0,86,,579,80,,,0,78,,580,80,,,0,84,,581,80,,,0,36,,576,80,,,0,100,,571,80,,,0,160,,572,80,,,0,120,,573,80,,,0,122,,574,80,,,0,160,,575,80,,,0,118,,563,80,,,0,37,,567,80,,,0,82,,564,80,,,0,76,,565,80,,,0,85,,577,80,,,0,35,,570,80,,,0,120,,569,80,,,0,160,,568,80,,,0
45000,'Fête-2-01',614,,3020,120,,,0,20,,3018,120,,,0,20,,3013,120,,,0,60,,3017,120,,,0,20,,3016,120,,,0,20,,3014,120,,,0,60,,3019,120,,,0,20,,3015,120,,,0
45000,'Semaine-01',614,,1518,120,,,0,20,,1516,120,,,0,20,,3021,120,,,0,60,,1515,120,,,0,20,,1514,120,,,0,20,,3022,120,,,0,60,,1517,120,,,0,20,,3023,120,,,0
